1D-2D result/2D/RR/100yr_max_wDepth.asc
ncols         157
nrows         207
xllcorner     42854.265930178
yllcorner     227397.95507813
cellsize      30
NODATA_VALUE  -9999
[rows 111 to 147 of 207, columns 0 to 83 of 157]
-9999 -9999 -9999 -9999 -9999 -9999 -9999 -9999 -9999 -9999 -9999 -9999 -9999 -9999 -9999 -9999 -9999 -9999 -9999 -9999 -9999 -9999 -9999 -9999 -9999 -9999 -9999 -9999 -9999 -9999 -9999 -9999 -9999 -9999 7 7 -9999 -9999 -9999 5 6 6 6 9 9 7 -9999 7 5 -9999 -9999 -9999 -9999 -9999 -9999 -9999 -9999 -9999 -9999 42 47 50 50 50 145 147 148 144 149 47 47 47 46 46 -9999 -9999 -9999 5 6 -9999 -9999 5 6 6
-9999 -9999 -9999 -9999 -9999 -9999 -9999 -9999 -9999 -9999 -9999 -9999 -9999 -9999 -9999 -9999 -9999 -9999 -9999 -9999 -9999 -9999 -9999 -9999 -9999 -9999 -9999 -9999 -9999 -9999 -9999 -9999 -9999 7 7 6 -9999 -9999 -9999 -9999 5 5 7 11 9 7 -9999 7 5 -9999 -9999 -9999 -9999 -9999 -9999 -9999 -9999 -9999 -9999 41 42 43 43 43 150 141 142 149 146 147 46 46 45 45 45 -9999 5 5 6 7 -9999 5 6 7
-9999 -9999 -9999 -9999 -9999 -9999 -9999 -9999 -9999 -9999 -9999 -9999 -9999 -9999 -9999 -9999 -9999 -9999 -9999 -9999 -9999 -9999 -9999 -9999 -9999 -9999 -9999 -9999 9 -9999 9 9 9 -9999 -9999 6 6 6 -9999 -9999 -9999 -9999 -9999 7 7 5 -9999 5 -9999 -9999 -9999 -9999 -9999 -9999 -9999 -9999 -9999 -9999 26 35 39 40 42 146 145 150 147 145 242 145 45 45 45 45 45 -9999 5 6 6 7 -9999 -9999 6 7
-9999 -9999 -9999 -9999 -9999 -9999 -9999 -9999 -9999 -9999 -9999 -9999 -9999 -9999 -9999 -9999 -9999 -9999 -9999 -9999 -9999 -9999 -9999 -9999 -9999 -9999 -9999 -9999 8 9 9 9 -9999 -9999 -9999 -9999 5 5 -9999 -9999 -9999 -9999 -9999 -9999 -9999 -9999 -9999 -9999 -9999 -9999 -9999 -9999 14 14 14 14 15 19 21 28 34 38 41 139 144 143 142 146 246 144 145 44 45 45 45 45 -9999 6 7 7 9 -9999 -9999 -9999
-9999 -9999 -9999 -9999 -9999 -9999 -9999 -9999 -9999 -9999 -9999 -9999 -9999 -9999 -9999 -9999 -9999 -9999 -9999 -9999 -9999 -9999 -9999 -9999 -9999 -9999 -9999 -9999 9 9 9 9 -9999 -9999 -9999 -9999 -9999 5 6 7 107 7 8 -9999 -9999 -9999 -9999 14 114 314 314 314 314 314 114 14 14 14 17 22 28 33 139 135 138 139 143 243 242 242 143 144 44 45 45 -9999 6 6 6 7 9 12 16 17
-9999 -9999 -9999 -9999 -9999 -9999 -9999 -9999 -9999 -9999 -9999 -9999 -9999 -9999 -9999 -9999 -9999 -9999 -9999 -9999 -9999 -9999 -9999 -9999 -9999 -9999 -9999 -9999 9 9 -9999 8 5 -9999 -9999 -9999 -9999 -9999 5 -9999 7 -9999 -9999 13 13 13 13 -9999 213 1314 1414 1614 1714 1814 1814 1414 1314 614 14 20 24 133 134 139 141 138 140 241 241 242 142 143 43 -9999 6 6 6 6 6 8 9 11 14 16
-9999 -9999 -9999 -9999 -9999 -9999 -9999 -9999 -9999 -9999 -9999 -9999 -9999 -9999 -9999 -9999 -9999 -9999 -9999 -9999 -9999 -9999 -9999 -9999 -9999 -9999 -9999 -9999 -9999 7 -9999 -9999 -9999 -9999 -9999 -9999 -9999 -9999 -9999 -9999 -9999 -9999 -9999 13 13 13 13 13 313 1313 1514 1614 1714 1814 2014 2114 2214 1914 14 19 25 132 134 131 134 137 239 239 240 141 -9999 -9999 -9999 -9999 6 6 6 6 6 7 9 9 12 14
-9999 -9999 -9999 -9999 -9999 -9999 -9999 -9999 -9999 -9999 -9999 -9999 -9999 -9999 -9999 -9999 -9999 -9999 -9999 -9999 -9999 -9999 -9999 -9999 -9999 -9999 -9999 -9999 5 6 -9999 -9999 -9999 80 -9999 -9999 -9999 -9999 -9999 -9999 -9999 -9999 -9999 15 13 113 113 13 113 1313 1513 1614 1714 1914 2014 2114 2314 2114 114 15 128 129 131 129 136 133 134 33 -9999 -9999 -9999 -9999 -9999 -9999 6 6 6 6 6 7 8 9 11 12
-9999 -9999 -9999 -9999 -9999 -9999 -9999 -9999 -9999 -9999 -9999 -9999 -9999 -9999 -9999 -9999 -9999 -9999 -9999 -9999 -9999 -9999 -9999 -9999 -9999 -9999 -9999 -9999 13 6 -9999 -9999 -9999 80 80 -9999 74 -9999 18 -9999 -9999 -9999 -9999 21 17 13 13 13 113 213 1313 1213 1014 1014 1014 2014 2214 1814 114 15 126 125 132 130 29 28 28 26 26 25 -9999 -9999 -9999 -9999 -9999 5 5 5 6 7 7 8 10 12
-9999 -9999 -9999 -9999 -9999 -9999 -9999 -9999 -9999 -9999 -9999 -9999 -9999 -9999 -9999 -9999 -9999 -9999 -9999 -9999 -9999 -9999 -9999 -9999 -9999 -9999 -9999 -9999 12 14 -9999 -9999 101 -9999 -9999 -9999 -9999 -9999 -9999 -9999 29 29 29 128 10 -9999 113 113 113 113 113 213 313 314 214 114 114 113 13 18 124 25 26 30 27 26 26 25 24 21 20 19 18 17 -9999 -9999 -9999 -9999 -9999 5 5 6 8 11
-9999 -9999 -9999 -9999 -9999 -9999 -9999 -9999 -9999 -9999 -9999 -9999 -9999 -9999 -9999 -9999 -9999 -9999 -9999 -9999 -9999 -9999 -9999 -9999 -9999 -9999 -9999 -9999 -9999 -9999 68 -9999 -9999 -9999 -9999 -9999 101 -9999 -9999 -9999 -9999 -9999 -9999 -9999 6 -9999 -9999 -9999 -9999 -9999 -9999 -9999 -9999 -9999 -9999 -9999 -9999 -9999 14 18 21 24 24 24 24 24 24 23 21 21 19 18 17 16 14 11 9 9 -9999 -9999 -9999 -9999 5 8
-9999 -9999 -9999 -9999 -9999 -9999 -9999 -9999 -9999 -9999 -9999 -9999 -9999 -9999 -9999 -9999 -9999 -9999 -9999 -9999 -9999 -9999 -9999 -9999 -9999 -9999 -9999 -9999 -9999 -9999 -9999 -9999 -9999 -9999 -9999 -9999 -9999 -9999 -9999 -9999 -9999 -9999 -9999 -9999 5 -9999 -9999 -9999 -9999 -9999 -9999 -9999 -9999 -9999 -9999 -9999 -9999 -9999 13 15 18 19 21 21 20 21 21 20 20 19 18 18 16 14 13 11 9 8 8 9 10 10 -9999 -9999
-9999 -9999 -9999 -9999 -9999 -9999 -9999 -9999 -9999 -9999 -9999 -9999 -9999 -9999 -9999 -9999 -9999 -9999 -9999 -9999 -9999 -9999 -9999 -9999 -9999 -9999 -9999 -9999 -9999 -9999 -9999 -9999 -9999 -9999 -9999 -9999 -9999 -9999 -9999 -9999 -9999 -9999 -9999 -9999 -9999 -9999 -9999 -9999 -9999 -9999 -9999 -9999 -9999 -9999 -9999 -9999 -9999 -9999 10 13 14 15 16 18 18 18 18 18 19 18 16 15 14 12 11 9 8 8 8 9 10 10 10 12
-9999 -9999 -9999 -9999 -9999 -9999 -9999 -9999 -9999 -9999 -9999 -9999 -9999 -9999 -9999 -9999 -9999 -9999 -9999 -9999 -9999 -9999 -9999 -9999 -9999 -9999 -9999 -9999 -9999 -9999 -9999 -9999 -9999 -9999 -9999 -9999 -9999 -9999 -9999 -9999 -9999 -9999 -9999 5 5 5 -9999 -9999 -9999 -9999 -9999 -9999 -9999 -9999 -9999 -9999 -9999 -9999 28 5 6 6 8 13 14 14 15 16 16 15 14 13 12 10 9 8 7 8 8 8 9 9 10 10
-9999 -9999 -9999 -9999 -9999 -9999 -9999 -9999 -9999 -9999 -9999 -9999 -9999 -9999 -9999 -9999 -9999 -9999 -9999 -9999 -9999 -9999 -9999 -9999 -9999 -9999 -9999 -9999 -9999 -9999 -9999 -9999 -9999 -9999 -9999 -9999 -9999 -9999 -9999 -9999 -9999 -9999 -9999 5 5 6 6 5 -9999 -9999 -9999 -9999 -9999 -9999 -9999 -9999 -9999 25 26 26 26 27 28 5 7 8 9 12 12 12 12 11 11 9 8 7 7 7 7 8 9 9 9 10
-9999 -9999 -9999 -9999 -9999 -9999 -9999 -9999 -9999 -9999 -9999 -9999 -9999 -9999 -9999 -9999 -9999 -9999 -9999 -9999 -9999 -9999 -9999 -9999 -9999 -9999 -9999 -9999 -9999 -9999 -9999 -9999 -9999 -9999 -9999 -9999 -9999 -9999 -9999 -9999 -9999 -9999 -9999 5 6 7 9 7 5 -9999 -9999 -9999 -9999 -9999 -9999 -9999 -9999 25 25 25 26 26 26 26 26 26 27 -9999 5 -9999 5 8 10 8 7 7 6 7 7 7 8 8 9 9
-9999 -9999 -9999 -9999 -9999 -9999 -9999 -9999 -9999 -9999 -9999 -9999 -9999 -9999 -9999 -9999 -9999 -9999 -9999 -9999 -9999 -9999 -9999 -9999 -9999 -9999 -9999 -9999 -9999 -9999 -9999 -9999 -9999 -9999 -9999 -9999 -9999 -9999 -9999 -9999 -9999 -9999 -9999 -9999 6 8 14 8 5 -9999 -9999 -9999 -9999 -9999 -9999 -9999 -9999 23 24 25 26 25 25 25 25 24 24 22 21 21 22 -9999 6 -9999 -9999 5 5 5 5 5 6 7 7 8
-9999 -9999 -9999 -9999 -9999 -9999 -9999 -9999 -9999 -9999 -9999 -9999 -9999 -9999 -9999 -9999 -9999 -9999 -9999 -9999 -9999 -9999 -9999 -9999 -9999 -9999 -9999 -9999 -9999 -9999 -9999 -9999 -9999 -9999 -9999 -9999 -9999 -9999 -9999 -9999 -9999 -9999 -9999 -9999 -9999 -9999 -9999 -9999 -9999 -9999 9 8 8 6 5 -9999 22 23 23 24 24 23 23 23 24 23 23 22 21 20 20 18 15 12 10 -9999 -9999 -9999 -9999 -9999 -9999 5 5 6
-9999 -9999 -9999 -9999 -9999 -9999 -9999 -9999 -9999 -9999 -9999 -9999 -9999 -9999 -9999 -9999 -9999 -9999 -9999 -9999 -9999 -9999 -9999 -9999 -9999 -9999 -9999 -9999 -9999 -9999 -9999 -9999 -9999 -9999 -9999 -9999 -9999 -9999 -9999 -9999 -9999 -9999 -9999 8 8 11 12 11 10 9 8 7 7 6 5 -9999 22 22 22 22 22 21 21 21 21 21 21 21 20 20 19 17 14 9 9 8 8 8 8 -9999 -9999 -9999 -9999 5
-9999 -9999 -9999 -9999 -9999 -9999 -9999 -9999 -9999 -9999 -9999 -9999 -9999 -9999 -9999 -9999 -9999 -9999 -9999 -9999 -9999 -9999 -9999 -9999 -9999 -9999 -9999 -9999 -9999 -9999 -9999 -9999 -9999 -9999 -9999 -9999 -9999 -9999 5 5 5 5 6 7 7 9 10 9 9 7 6 6 5 -9999 -9999 -9999 20 21 21 21 20 19 19 19 18 18 18 19 19 18 18 16 14 8 8 7 7 7 7 6 7 8 9 -9999
-9999 -9999 -9999 -9999 -9999 -9999 -9999 -9999 -9999 -9999 -9999 -9999 -9999 -9999 -9999 -9999 -9999 -9999 -9999 -9999 -9999 -9999 -9999 -9999 -9999 -9999 -9999 -9999 -9999 -9999 -9999 -9999 -9999 -9999 -9999 -9999 -9999 -9999 -9999 -9999 -9999 5 -9999 5 5 6 7 7 6 6 5 5 -9999 -9999 -9999 -9999 17 18 19 19 18 18 18 17 16 16 15 15 15 16 14 14 11 7 6 6 6 6 6 5 5 5 5 6
-9999 -9999 -9999 -9999 -9999 -9999 -9999 -9999 -9999 -9999 -9999 -9999 -9999 -9999 -9999 -9999 -9999 -9999 -9999 -9999 -9999 -9999 -9999 -9999 -9999 -9999 -9999 -9999 -9999 -9999 -9999 -9999 -9999 -9999 -9999 -9999 -9999 -9999 -9999 -9999 -9999 -9999 -9999 -9999 -9999 -9999 -9999 -9999 -9999 -9999 -9999 -9999 -9999 -9999 -9999 15 15 16 16 16 16 16 16 15 15 12 11 10 8 8 7 7 5 -9999 -9999 -9999 -9999 -9999 -9999 -9999 -9999 -9999 -9999 -9999
-9999 -9999 -9999 -9999 -9999 -9999 -9999 -9999 -9999 6 7 8 -9999 -9999 -9999 -9999 -9999 -9999 -9999 -9999 -9999 -9999 -9999 -9999 -9999 -9999 -9999 -9999 -9999 -9999 -9999 -9999 -9999 -9999 -9999 -9999 -9999 -9999 -9999 -9999 16 16 16 15 15 15 -9999 13 12 12 12 12 11 12 12 13 14 14 14 14 13 12 10 9 9 6 6 -9999 58 57 56 55 55 54 54 53 52 52 52 51 51 51 52 53
-9999 -9999 -9999 -9999 -9999 -9999 -9999 -9999 -9999 6 7 8 9 9 10 10 10 -9999 7 7 7 6 -9999 -9999 -9999 -9999 -9999 -9999 -9999 9 9 9 11 12 14 14 15 15 16 16 16 16 15 15 15 14 12 12 11 11 11 11 11 11 11 11 13 13 13 12 11 9 62 62 61 61 60 58 58 57 56 55 55 53 53 52 52 52 51 51 51 51 52 53
-9999 -9999 -9999 -9999 -9999 -9999 -9999 -9999 -9999 5 7 8 9 9 9 10 9 8 8 7 7 6 -9999 -9999 -9999 -9999 9 9 9 9 9 9 11 12 13 14 15 15 16 16 15 15 14 14 13 13 12 11 10 10 10 10 10 10 10 10 11 12 12 11 10 7 61 61 61 60 59 59 58 57 55 55 54 53 53 52 52 51 51 51 51 50 51 52
-9999 -9999 -9999 -9999 -9999 -9999 -9999 -9999 -9999 5 7 8 9 9 9 9 9 8 8 7 7 6 -9999 -9999 -9999 -9999 9 9 9 8 8 9 11 12 13 13 14 15 15 15 15 14 13 12 12 12 11 10 9 8 8 8 7 7 8 8 9 10 10 9 8 -9999 61 60 60 60 59 58 57 57 55 54 53 52 52 51 51 51 50 50 50 50 51 51
-9999 -9999 -9999 -9999 -9999 -9999 -9999 -9999 -9999 5 6 7 8 9 9 9 9 8 8 7 7 6 -9999 -9999 -9999 -9999 9 8 8 8 8 9 11 12 12 13 13 14 14 14 13 13 12 11 11 11 9 7 7 7 6 -9999 -9999 -9999 -9999 5 6 -9999 -9999 5 -9999 60 60 60 60 60 -9999 58 58 57 55 54 52 52 51 51 51 51 50 50 50 50 51 51
-9999 -9999 -9999 -9999 -9999 -9999 -9999 -9999 -9999 -9999 6 7 7 8 9 9 8 8 7 7 6 5 -9999 -9999 -9999 -9999 9 8 8 8 8 9 10 11 12 12 12 13 13 12 11 10 9 9 8 8 6 5 5 -9999 -9999 -9999 -9999 -9999 -9999 -9999 -9999 30 30 -9999 -9999 60 60 60 60 159 59 58 58 57 -9999 52 52 51 51 51 50 50 50 49 49 49 50 50
-9999 -9999 -9999 -9999 -9999 -9999 -9999 -9999 -9999 -9999 5 6 7 8 8 9 8 7 7 6 5 -9999 -9999 -9999 -9999 -9999 8 8 8 8 8 9 10 10 11 11 11 11 11 7 5 -9999 -9999 5 -9999 -9999 -9999 -9999 -9999 -9999 26 26 25 25 25 25 -9999 29 29 30 30 -9999 -9999 60 159 159 59 58 58 58 -9999 51 51 50 50 50 50 50 49 49 49 49 49 50
-9999 -9999 -9999 -9999 -9999 -9999 -9999 -9999 -9999 -9999 -9999 -9999 5 6 7 7 6 5 5 -9999 -9999 -9999 -9999 -9999 -9999 -9999 8 8 8 8 7 8 9 9 9 9 8 5 36 35 34 32 31 29 29 27 27 26 26 26 26 25 25 25 25 25 -9999 29 29 -9999 -9999 -9999 -9999 59 259 159 59 59 58 -9999 -9999 49 49 49 49 50 49 49 49 49 49 49 49 50
-9999 -9999 -9999 -9999 -9999 -9999 -9999 -9999 -9999 -9999 -9999 -9999 -9999 -9999 -9999 -9999 -9999 5 -9999 -9999 -9999 -9999 -9999 -9999 -9999 -9999 7 7 7 7 7 7 8 7 7 7 5 -9999 35 34 33 32 30 29 27 27 26 26 26 26 25 25 25 25 25 26 27 28 -9999 -9999 -9999 -9999 59 59 259 159 59 59 59 -9999 -9999 48 48 48 48 49 49 49 49 49 49 49 49 49
-9999 -9999 -9999 -9999 -9999 -9999 -9999 -9999 -9999 -9999 -9999 -9999 -9999 -9999 -9999 -9999 -9999 -9999 -9999 -9999 -9999 -9999 -9999 -9999 7 7 7 7 7 7 7 7 7 7 7 6 5 -9999 -9999 32 32 30 29 28 27 27 26 26 26 25 25 25 25 25 25 25 26 -9999 -9999 -9999 -9999 -9999 59 59 159 159 59 59 59 -9999 -9999 48 48 47 48 48 48 48 48 48 48 48 48 48
-9999 -9999 -9999 -9999 -9999 -9999 -9999 -9999 -9999 -9999 -9999 -9999 -9999 -9999 -9999 -9999 -9999 7 5 -9999 -9999 -9999 -9999 7 7 7 7 7 7 7 7 7 7 7 7 6 -9999 -9999 -9999 31 30 29 28 28 27 26 26 26 25 25 25 24 24 24 25 25 -9999 -9999 -9999 -9999 -9999 -9999 59 59 59 59 59 59 59 -9999 -9999 47 47 47 47 47 47 47 47 48 48 48 48 48
-9999 -9999 -9999 -9999 -9999 -9999 -9999 -9999 -9999 -9999 -9999 -9999 -9999 -9999 -9999 -9999 -9999 200 200 201 201 201 -9999 6 7 7 -9999 -9999 7 -9999 -9999 -9999 -9999 -9999 6 5 -9999 30 30 30 29 29 28 27 26 26 26 25 25 25 24 24 24 24 24 24 24 25 -9999 -9999 -9999 -9999 -9999 -9999 59 59 -9999 -9999 -9999 -9999 -9999 45 46 46 46 46 46 46 47 47 47 48 48 48
-9999 -9999 -9999 -9999 -9999 -9999 -9999 -9999 -9999 -9999 -9999 -9999 -9999 -9999 -9999 -9999 -9999 200 200 200 201 101 -9999 -9999 -9999 -9999 32 -9999 -9999 -9999 -9999 -9999 -9999 -9999 6 -9999 -9999 30 30 30 29 29 28 27 26 26 25 25 25 24 24 24 24 24 24 24 24 25 25 25 25 25 25 25 -9999 -9999 -9999 -9999 -9999 -9999 -9999 45 44 45 45 46 46 46 46 47 47 47 48 48
-9999 -9999 -9999 -9999 -9999 -9999 -9999 -9999 -9999 -9999 -9999 -9999 -9999 -9999 -9999 -9999 -9999 -9999 -9999 -9999 101 -9999 -9999 -9999 -9999 -9999 -9999 -9999 -9999 -9999 -9999 10 10 10 8 5 -9999 30 29 29 29 28 27 26 26 25 25 25 24 24 24 24 24 24 24 24 24 -9999 -9999 -9999 25 26 26 -9999 -9999 133 33 35 35 37 40 42 43 44 45 45 45 46 46 46 46 47 47 47
-9999 -9999 -9999 -9999 -9999 -9999 -9999 -9999 -9999 -9999 -9999 -9999 -9999 -9999 -9999 -9999 -9999 -9999 -9999 -9999 -9999 5 -9999 -9999 -9999 -9999 -9999 6 7 6 -9999 -9999 10 10 9 106 -9999 30 29 29 28 28 27 26 25 25 25 24 24 24 23 23 24 24 24 24 24 -9999 -9999 26 26 26 26 26 -9999 332 133 33 34 35 -9999 -9999 44 44 44 45 45 45 45 46 46 46 47 47
