1D-2D result/2D/RR/100yr_max_wDepth.asc
ncols         157
nrows         207
xllcorner     42854.265930178
yllcorner     227397.95507813
cellsize      30
NODATA_VALUE  -9999
[rows 148 to 184 of 207, columns 0 to 83 of 157]
-9999 -9999 -9999 -9999 -9999 -9999 -9999 -9999 -9999 -9999 -9999 -9999 -9999 -9999 -9999 -9999 -9999 -9999 -9999 -9999 -9999 -9999 5 -9999 -9999 -9999 5 7 108 7 5 -9999 10 9 8 5 30 30 29 28 28 28 27 25 25 25 24 24 24 23 23 23 23 24 24 24 24 -9999 26 26 26 26 26 -9999 -9999 332 132 33 33 34 34 -9999 43 44 44 44 45 45 45 45 46 45 46 -9999
-9999 -9999 -9999 -9999 -9999 -9999 -9999 -9999 -9999 -9999 -9999 -9999 -9999 -9999 -9999 -9999 -9999 -9999 -9999 -9999 -9999 -9999 -9999 -9999 -9999 -9999 6 8 108 7 5 -9999 10 9 7 6 -9999 -9999 29 28 28 28 26 25 24 24 24 23 23 23 23 23 23 23 24 24 24 -9999 25 -9999 -9999 26 -9999 -9999 -9999 332 132 32 33 33 -9999 -9999 43 43 43 44 44 44 44 45 45 45 45 -9999
-9999 -9999 -9999 -9999 -9999 -9999 -9999 -9999 -9999 -9999 -9999 -9999 -9999 -9999 -9999 -9999 -9999 -9999 -9999 -9999 -9999 -9999 -9999 -9999 -9999 -9999 -9999 8 108 8 6 -9999 -9999 8 7 6 -9999 29 29 28 28 27 26 25 24 24 23 23 23 23 23 23 23 23 24 24 24 -9999 25 26 26 26 27 -9999 -9999 331 231 32 32 34 37 41 42 43 43 43 43 44 44 44 44 45 45 -9999
-9999 -9999 -9999 -9999 -9999 -9999 -9999 -9999 -9999 -9999 -9999 -9999 -9999 -9999 -9999 -9999 -9999 -9999 -9999 -9999 -9999 -9999 -9999 -9999 -9999 -9999 -9999 -9999 14 8 6 -9999 10 8 7 6 -9999 29 29 28 28 27 26 24 23 23 23 22 22 23 23 23 23 23 24 24 24 24 25 26 26 27 27 28 29 330 231 31 32 -9999 -9999 41 42 42 42 42 43 43 43 43 44 44 -9999 -9999
-9999 -9999 -9999 -9999 -9999 -9999 -9999 -9999 -9999 -9999 -9999 -9999 -9999 -9999 -9999 -9999 -9999 -9999 -9999 -9999 -9999 -9999 -9999 -9999 -9999 -9999 -9999 -9999 -9999 6 6 -9999 10 8 7 -9999 -9999 29 28 28 28 27 26 24 23 23 22 22 22 22 23 23 23 23 23 24 24 24 25 26 26 27 27 27 29 129 130 31 31 -9999 42 -9999 42 -9999 42 42 42 42 42 42 42 -9999 -9999 37
-9999 -9999 -9999 -9999 -9999 -9999 -9999 -9999 -9999 -9999 -9999 -9999 -9999 -9999 -9999 -9999 -9999 -9999 -9999 -9999 -9999 -9999 -9999 -9999 -9999 -9999 -9999 -9999 -9999 6 5 -9999 9 8 8 8 -9999 29 28 28 27 27 25 23 22 22 22 22 22 22 22 23 23 23 23 23 24 24 -9999 26 26 27 27 27 28 29 29 30 30 -9999 42 42 42 -9999 42 42 42 41 41 40 40 39 -9999 37
-9999 -9999 -9999 -9999 -9999 -9999 -9999 -9999 -9999 -9999 -9999 -9999 -9999 -9999 -9999 -9999 -9999 -9999 -9999 -9999 -9999 -9999 -9999 -9999 -9999 -9999 -9999 -9999 -9999 105 -9999 -9999 7 7 8 8 -9999 29 29 28 27 27 25 23 22 21 22 22 22 22 22 22 23 23 23 23 24 24 -9999 26 26 26 27 27 28 28 28 29 29 -9999 -9999 -9999 42 -9999 42 41 41 40 40 39 38 38 37 38
-9999 -9999 -9999 -9999 -9999 -9999 -9999 -9999 -9999 -9999 -9999 -9999 -9999 -9999 -9999 -9999 -9999 -9999 -9999 -9999 -9999 -9999 -9999 -9999 -9999 -9999 -9999 -9999 -9999 -9999 -9999 6 6 6 6 6 -9999 29 29 28 28 26 24 22 21 21 21 21 22 22 22 22 22 23 23 23 23 24 24 25 25 26 26 27 27 28 28 29 29 -9999 -9999 -9999 -9999 -9999 -9999 40 40 39 39 38 38 37 37 -9999
-9999 -9999 -9999 -9999 -9999 -9999 -9999 -9999 -9999 -9999 -9999 -9999 -9999 -9999 -9999 -9999 -9999 -9999 -9999 -9999 -9999 -9999 -9999 -9999 -9999 -9999 -9999 -9999 -9999 -9999 -9999 -9999 -9999 -9999 -9999 -9999 -9999 30 29 28 28 25 23 21 21 21 21 21 21 21 22 22 22 22 23 23 23 23 24 24 25 25 26 27 27 27 27 28 28 -9999 -9999 -9999 29 -9999 -9999 39 39 38 38 37 37 37 36 -9999
-9999 -9999 -9999 -9999 -9999 -9999 -9999 -9999 -9999 -9999 -9999 -9999 -9999 -9999 -9999 -9999 -9999 -9999 -9999 -9999 -9999 -9999 -9999 -9999 -9999 -9999 -9999 -9999 -9999 -9999 -9999 -9999 -9999 49 52 46 41 31 29 27 25 23 21 20 21 21 21 21 21 21 21 22 22 22 22 23 23 23 24 24 25 25 26 26 27 27 27 27 28 -9999 -9999 -9999 29 -9999 -9999 -9999 38 37 36 36 35 35 35 -9999
-9999 -9999 -9999 -9999 -9999 -9999 -9999 -9999 -9999 -9999 -9999 -9999 -9999 -9999 -9999 -9999 -9999 -9999 -9999 -9999 -9999 -9999 -9999 -9999 -9999 -9999 7 -9999 -9999 -9999 -9999 -9999 -9999 47 47 45 43 -9999 -9999 25 24 21 20 20 20 20 20 21 21 21 21 21 22 22 22 22 23 23 23 24 24 25 25 26 26 27 27 27 27 -9999 -9999 29 29 29 -9999 -9999 -9999 35 35 35 34 34 33 -9999
-9999 -9999 -9999 -9999 -9999 -9999 -9999 -9999 -9999 -9999 -9999 -9999 -9999 -9999 -9999 -9999 -9999 -9999 -9999 -9999 -9999 -9999 -9999 -9999 -9999 -9999 -9999 -9999 -9999 -9999 -9999 -9999 -9999 -9999 45 44 40 32 26 22 22 21 20 20 20 20 20 20 21 21 21 21 21 21 22 22 22 23 23 24 24 25 25 25 26 26 27 27 27 -9999 -9999 29 29 29 -9999 -9999 33 34 34 33 33 33 32 -9999
-9999 -9999 -9999 -9999 -9999 -9999 -9999 -9999 -9999 -9999 -9999 -9999 -9999 -9999 -9999 -9999 -9999 -9999 -9999 -9999 -9999 -9999 -9999 -9999 -9999 -9999 -9999 -9999 -9999 -9999 -9999 -9999 -9999 -9999 -9999 -9999 -9999 27 25 122 121 120 120 20 20 20 20 20 20 21 21 21 21 21 22 22 22 22 23 23 24 24 25 25 26 26 26 27 27 27 28 29 29 29 30 31 32 32 32 32 32 32 31 30
-9999 -9999 -9999 -9999 -9999 -9999 -9999 -9999 -9999 -9999 -9999 -9999 -9999 -9999 -9999 -9999 -9999 -9999 -9999 -9999 -9999 -9999 -9999 -9999 -9999 99 -9999 -9999 -9999 -9999 -9999 -9999 -9999 -9999 -9999 -9999 -9999 23 23 121 120 120 119 19 20 120 20 20 20 20 20 21 21 21 21 21 22 22 23 23 23 24 24 25 25 26 26 27 27 27 28 29 29 29 30 30 31 31 31 31 31 31 30 29
-9999 -9999 -9999 -9999 -9999 -9999 -9999 -9999 -9999 -9999 -9999 -9999 -9999 -9999 -9999 -9999 -9999 -9999 -9999 -9999 -9999 -9999 -9999 -9999 -9999 99 99 -9999 -9999 -9999 -9999 -9999 -9999 -9999 -9999 -9999 -9999 22 21 121 120 219 219 119 119 19 19 119 19 20 20 20 20 21 21 21 21 22 22 23 23 24 24 25 25 25 26 26 27 27 28 29 29 29 30 30 31 31 31 31 31 30 30 29
-9999 -9999 -9999 -9999 -9999 -9999 -9999 -9999 -9999 -9999 -9999 -9999 -9999 -9999 -9999 -9999 -9999 -9999 -9999 -9999 -9999 -9999 -9999 -9999 -9999 99 -9999 -9999 -9999 -9999 -9999 -9999 -9999 -9999 -9999 -9999 -9999 20 20 20 119 119 119 119 19 19 119 119 119 19 19 20 20 20 20 21 21 21 22 22 23 23 24 25 25 25 25 -9999 -9999 -9999 -9999 29 29 29 30 30 31 31 31 31 30 30 30 29
-9999 -9999 -9999 -9999 -9999 -9999 -9999 -9999 -9999 -9999 -9999 -9999 -9999 -9999 -9999 -9999 -9999 -9999 -9999 -9999 -9999 -9999 -9999 -9999 -9999 99 -9999 -9999 -9999 -9999 -9999 -9999 -9999 -9999 -9999 -9999 -9999 18 18 18 19 119 119 19 19 19 119 319 419 218 119 119 119 119 119 20 20 21 21 22 22 23 24 24 24 25 25 25 -9999 -9999 -9999 -9999 -9999 -9999 -9999 -9999 -9999 -9999 -9999 -9999 30 30 -9999 -9999
-9999 -9999 -9999 -9999 -9999 -9999 -9999 -9999 -9999 -9999 -9999 -9999 -9999 -9999 -9999 -9999 -9999 -9999 -9999 -9999 -9999 -9999 -9999 -9999 -9999 299 199 499 199 -9999 -9999 -9999 -9999 -9999 -9999 -9999 17 17 17 18 19 119 119 19 19 19 18 218 518 618 418 319 419 319 219 120 20 20 21 21 22 22 23 24 24 24 25 25 -9999 -9999 -9999 -9999 -9999 -9999 -9999 -9999 -9999 -9999 -9999 -9999 -9999 -9999 -9999 -9999
-9999 -9999 -9999 -9999 -9999 -9999 -9999 -9999 -9999 -9999 -9999 -9999 -9999 -9999 -9999 -9999 -9999 -9999 -9999 -9999 -9999 -9999 -9999 -9999 -9999 599 499 499 199 -9999 -9999 -9999 -9999 -9999 -9999 -9999 -9999 16 16 -9999 -9999 19 19 -9999 -9999 18 18 18 218 318 318 518 519 519 419 219 19 20 20 21 21 22 23 24 24 -9999 25 -9999 -9999 -9999 -9999 -9999 -9999 -9999 -9999 -9999 -9999 -9999 -9999 -9999 -9999 -9999 -9999 -9999
-9999 -9999 -9999 -9999 -9999 -9999 -9999 -9999 -9999 -9999 -9999 -9999 -9999 -9999 -9999 -9999 -9999 -9999 -9999 -9999 -9999 -9999 -9999 -9999 -9999 499 499 499 299 99 -9999 -9999 -9999 -9999 -9999 -9999 -9999 16 15 14 14 -9999 -9999 -9999 16 17 17 17 17 18 18 18 218 119 19 19 19 19 20 21 21 22 23 23 -9999 25 25 -9999 -9999 -9999 -9999 -9999 -9999 -9999 -9999 -9999 -9999 -9999 -9999 -9999 -9999 -9999 -9999 -9999
-9999 -9999 -9999 -9999 -9999 -9999 -9999 -9999 -9999 -9999 -9999 -9999 -9999 -9999 -9999 -9999 -9999 700 700 700 -9999 -9999 -9999 -9999 -9999 499 499 499 299 199 -9999 -9999 -9999 -9999 -9999 -9999 -9999 14 14 14 13 -9999 -9999 -9999 15 15 16 16 17 17 17 18 18 18 17 18 18 18 -9999 20 20 -9999 -9999 -9999 -9999 24 -9999 -9999 -9999 -9999 -9999 -9999 -9999 -9999 -9999 -9999 -9999 -9999 -9999 -9999 -9999 -9999 -9999 -9999
-9999 -9999 -9999 -9999 -9999 -9999 -9999 -9999 -9999 -9999 -9999 -9999 -9999 -9999 -9999 -9999 -9999 800 700 700 -9999 -9999 -9999 -9999 -9999 499 599 499 299 199 -9999 -9999 -9999 -9999 -9999 -9999 -9999 12 12 11 11 -9999 8 9 13 13 13 15 16 17 17 17 -9999 16 116 17 17 17 17 19 18 16 -9999 -9999 -9999 -9999 -9999 -9999 -9999 -9999 -9999 -9999 -9999 -9999 -9999 -9999 -9999 -9999 -9999 -9999 -9999 -9999 -9999 -9999
-9999 -9999 -9999 -9999 -9999 -9999 -9999 -9999 -9999 -9999 -9999 -9999 -9999 -9999 -9999 -9999 -9999 900 900 800 300 -9999 -9999 -9999 -9999 499 499 499 400 199 -9999 -9999 -9999 -9999 -9999 -9999 -9999 9 9 8 7 6 6 6 -9999 10 10 12 15 16 16 16 16 116 116 16 16 17 16 -9999 -9999 13 13 -9999 -9999 -9999 -9999 -9999 -9999 -9999 -9999 -9999 -9999 -9999 -9999 -9999 -9999 -9999 -9999 -9999 -9999 -9999 -9999 -9999
-9999 -9999 -9999 -9999 -9999 -9999 -9999 -9999 -9999 -9999 -9999 -9999 -9999 -9999 -9999 -9999 -9999 200 700 900 500 -9999 -9999 200 499 499 499 500 200 -9999 -9999 -9999 -9999 -9999 -9999 -9999 6 6 6 603 703 403 603 603 604 804 604 10 12 14 14 15 15 116 116 16 16 15 15 13 13 13 13 -9999 -9999 -9999 -9999 -9999 -9999 -9999 -9999 -9999 -9999 -9999 -9999 -9999 -9999 -9999 -9999 -9999 -9999 -9999 -9999 -9999
-9999 -9999 -9999 -9999 -9999 -9999 -9999 -9999 -9999 -9999 -9999 -9999 -9999 -9999 -9999 -9999 -9999 -9999 -9999 -9999 -9999 -9999 -9999 200 200 599 600 500 200 -9999 -9999 -9999 -9999 -9999 -9999 -9999 -9999 5 -9999 703 1103 1003 1003 903 904 1004 704 8 11 13 14 14 14 15 115 15 15 15 14 13 13 13 13 -9999 -9999 -9999 -9999 -9999 -9999 -9999 -9999 -9999 -9999 -9999 -9999 -9999 -9999 -9999 -9999 -9999 -9999 -9999 -9999 -9999
-9999 -9999 -9999 -9999 -9999 -9999 -9999 -9999 -9999 -9999 -9999 -9999 -9999 -9999 -9999 -9999 -9999 -9999 -9999 -9999 -9999 -9999 -9999 100 199 500 600 500 200 -9999 -9999 -9999 -9999 -9999 -9999 -9999 -9999 -9999 -9999 203 703 803 803 703 103 304 604 8 10 12 13 14 14 14 15 14 14 14 14 -9999 12 12 12 -9999 -9999 -9999 -9999 -9999 -9999 -9999 -9999 -9999 -9999 -9999 -9999 -9999 -9999 -9999 -9999 -9999 -9999 -9999 -9999 -9999
-9999 -9999 -9999 -9999 -9999 -9999 -9999 -9999 -9999 -9999 -9999 -9999 -9999 -9999 -9999 -9999 -9999 -9999 -9999 -9999 -9999 -9999 -9999 -9999 -9999 600 600 600 200 -9999 -9999 -9999 -9999 -9999 -9999 -9999 -9999 -9999 -9999 -9999 -9999 -9999 -9999 -9999 -9999 6 7 8 9 11 12 12 112 13 13 13 13 14 13 -9999 12 12 12 -9999 -9999 -9999 -9999 -9999 -9999 -9999 -9999 -9999 -9999 -9999 -9999 -9999 -9999 -9999 -9999 -9999 -9999 -9999 -9999 -9999
-9999 -9999 -9999 -9999 -9999 -9999 -9999 -9999 -9999 -9999 -9999 -9999 -9999 -9999 -9999 -9999 -9999 -9999 -9999 -9999 -9999 -9999 -9999 -9999 -9999 500 600 500 200 -9999 -9999 -9999 -9999 5 5 6 5 5 -9999 -9999 5 -9999 -9999 -9999 -9999 9 9 9 10 10 11 11 11 12 12 12 12 12 12 12 12 12 11 10 11 13 14 -9999 -9999 -9999 -9999 -9999 -9999 -9999 -9999 -9999 -9999 -9999 -9999 -9999 -9999 7 -9999 104
-9999 -9999 -9999 -9999 -9999 -9999 -9999 -9999 -9999 -9999 -9999 -9999 -9999 -9999 -9999 -9999 -9999 -9999 -9999 -9999 -9999 -9999 -9999 -9999 -9999 600 500 500 300 -9999 -9999 -9999 -9999 5 6 6 6 6 6 6 6 7 10 12 14 11 10 10 10 10 10 11 11 11 12 12 12 12 12 11 -9999 11 10 10 11 13 15 20 16 14 14 13 13 12 12 12 11 11 -9999 -9999 -9999 8 -9999 -9999
-9999 -9999 -9999 -9999 -9999 -9999 -9999 -9999 -9999 -9999 -9999 -9999 -9999 -9999 -9999 -9999 -9999 -9999 -9999 -9999 -9999 -9999 -9999 -9999 -9999 300 300 400 100 -9999 -9999 -9999 -9999 5 6 6 6 6 7 7 7 8 8 -9999 -9999 -9999 12 12 11 10 10 11 11 11 11 11 11 11 11 11 11 10 10 10 11 13 14 15 14 14 13 13 13 12 12 11 11 11 11 11 10 9 9 7
-9999 -9999 -9999 -9999 -9999 -9999 -9999 -9999 -9999 -9999 -9999 -9999 -9999 -9999 -9999 -9999 -9999 -9999 -9999 -9999 -9999 -9999 -9999 -9999 -9999 -9999 -9999 400 100 -9999 -9999 -9999 -9999 5 6 6 6 6 7 7 8 8 8 9 10 11 13 15 12 10 10 10 11 11 11 11 11 11 11 11 10 10 10 10 11 12 13 14 14 14 13 13 12 12 12 11 11 11 11 11 10 10 9 8
-9999 -9999 -9999 -9999 -9999 -9999 -9999 -9999 -9999 -9999 -9999 -9999 -9999 -9999 -9999 -9999 -9999 -9999 -9999 -9999 -9999 -9999 -9999 -9999 -9999 100 -9999 500 200 -9999 -9999 -9999 -9999 5 6 6 6 6 8 8 8 8 8 9 10 11 11 12 11 10 9 10 10 10 11 11 11 11 10 10 10 10 10 10 10 11 12 12 12 13 13 12 -9999 12 12 11 11 11 11 10 10 10 9 8
-9999 -9999 -9999 -9999 -9999 -9999 -9999 -9999 -9999 -9999 -9999 -9999 -9999 -9999 -9999 -9999 -9999 -9999 -9999 -9999 -9999 -9999 -9999 -9999 -9999 100 -9999 500 -9999 -9999 -9999 -9999 -9999 5 6 6 6 6 7 7 7 8 8 9 9 10 10 10 10 9 9 10 10 10 10 10 10 10 10 10 10 10 10 9 9 10 11 11 11 11 11 10 10 11 11 11 11 11 11 10 10 10 10 8
-9999 -9999 -9999 -9999 -9999 -9999 -9999 -9999 -9999 -9999 -9999 -9999 -9999 -9999 -9999 -9999 -9999 -9999 -9999 -9999 -9999 -9999 -9999 -9999 -9999 400 400 500 -9999 -9999 -9999 -9999 -9999 -9999 5 5 6 6 7 7 7 7 8 8 9 9 10 9 9 9 9 9 10 10 10 10 110 110 10 9 9 9 9 9 9 8 9 9 9 9 9 9 9 11 11 10 10 10 10 10 10 10 10 9
-9999 -9999 -9999 -9999 -9999 -9999 -9999 -9999 -9999 -9999 -9999 -9999 -9999 -9999 -9999 -9999 -9999 -9999 -9999 -9999 -9999 -9999 -9999 -9999 -9999 500 500 400 -9999 15 -9999 -9999 -9999 -9999 -9999 -9999 5 6 6 7 7 7 7 8 8 9 9 9 9 8 9 109 109 109 9 10 110 110 109 109 109 9 9 9 8 8 8 8 8 8 8 8 8 9 9 9 10 10 10 10 10 10 10 -9999
-9999 -9999 -9999 -9999 -9999 -9999 -9999 -9999 -9999 -9999 -9999 -9999 -9999 -9999 -9999 -9999 -9999 -9999 -9999 -9999 -9999 -9999 -9999 -9999 -9999 600 500 200 -9999 -9999 -9999 -9999 -9999 -9999 5 -9999 -9999 5 6 -9999 7 7 7 7 7 7 8 8 8 8 9 109 9 9 9 9 9 109 109 309 109 109 308 308 108 8 8 8 7 7 7 7 8 8 8 8 9 9 9 9 9 10 9 8
-9999 -9999 -9999 -9999 -9999 -9999 -9999 -9999 -9999 -9999 -9999 -9999 -9999 -9999 -9999 -9999 -9999 -9999 -9999 -9999 -9999 -9999 -9999 -9999 -9999 -9999 500 100 -9999 -9999 14 214 214 -9999 -9999 -9999 -9999 5 5 5 -9999 6 6 7 7 7 7 7 7 7 -9999 -9999 -9999 8 8 9 -9999 -9999 109 109 109 108 308 308 208 108 8 7 7 107 7 107 6 7 7 8 8 8 8 8 9 9 9 8
