Model/1D-2D/i03_dem.asc
ncols         157
nrows         207
xllcorner     42854.265930178
yllcorner     227397.95507813
cellsize      30
NODATA_value  -9999
[rows 0 to 54 of 207, columns 0 to 95 of 157]
-9999 27 27 26 26 26 25 25 25 25 25 25 25 25 25 25 25 25 24 24 24 24 24 24 24 24 24 24 25 26 26 26 26 25 25 25 25 25 25 25 25 25 25 26 26 27 28 29 29 29 29 29 29 29 29 29 29 30 30 31 32 33 34 34 -9999 -9999 -9999 -9999 -9999 -9999 -9999 -9999 -9999 -9999 -9999 -9999 -9999 -9999 -9999 -9999 -9999 -9999 -9999 -9999 -9999 -9999 -9999 -9999 -9999 -9999 -9999 -9999 -9999 -9999 -9999 -9999
-9999 26 27 26 26 26 25 24 24 24 24 24 24 24 24 24 24 24 23 23 23 23 23 23 23 23 23 24 24 25 25 24 24 23 23 23 23 24 23 22 23 24 24 25 25 26 28 29 29 29 29 29 29 29 29 29 29 30 30 30 30 30 32 31 34 34 35 35 38 48 52 53 51 48 47 45 41 40 37 35 35 35 35 34 34 33 33 32 33 33 36 37 38 38 37 37
-9999 26 27 26 26 25 25 23 23 23 23 23 23 23 23 23 23 23 22 22 22 22 22 22 22 22 22 24 24 24 23 23 22 22 22 22 23 24 22 22 23 24 24 25 25 26 28 29 29 29 29 29 29 29 29 29 29 30 30 30 30 30 32 32 33 34 35 36 37 49 59 60 62 58 51 49 44 41 40 39 36 35 34 34 34 33 33 33 33 33 36 37 39 40 39 39
-9999 26 26 26 25 25 25 23 23 23 23 23 23 23 23 23 23 22 22 22 22 22 22 22 22 22 22 22 22 22 22 21 21 21 22 23 23 24 22 23 23 24 25 25 26 26 28 29 29 29 28 27 28 28 28 28 29 30 29 29 30 31 31 32 32 32 36 37 38 43 59 61 63 61 56 51 49 41 39 39 39 37 35 34 34 34 33 33 33 33 35 37 38 40 40 38
-9999 26 26 26 25 26 26 25 24 24 23 23 23 23 23 22 22 22 22 22 22 22 22 22 22 22 21 21 21 21 21 21 21 22 22 23 24 24 23 23 24 24 25 26 26 27 27 27 27 27 28 28 28 28 28 29 29 29 30 30 30 30 31 31 31 32 36 38 38 41 47 57 58 60 60 57 53 40 38 39 39 39 39 36 34 34 33 33 33 34 35 36 38 39 39 38
-9999 26 26 25 25 27 27 26 24 23 23 23 23 23 22 22 22 22 22 21 21 21 21 21 21 21 20 20 19 19 19 21 21 22 23 23 24 25 23 23 24 24 25 26 27 27 27 27 28 28 28 28 28 29 29 29 29 30 31 31 30 31 31 30 30 32 37 39 40 40 41 44 52 57 62 63 55 40 38 38 38 38 38 37 35 34 34 33 33 34 35 36 37 38 38 37
-9999 26 25 25 25 29 29 28 25 23 23 23 23 22 22 22 22 22 22 21 21 21 21 21 21 20 19 19 19 19 20 21 22 22 23 23 24 25 24 24 25 25 26 26 27 27 27 28 28 28 28 29 29 29 27 29 29 30 31 31 31 31 31 31 30 33 39 41 41 41 42 43 43 52 64 66 56 39 37 38 38 38 38 38 37 36 36 35 34 34 36 35 37 38 38 37
-9999 26 25 26 27 30 30 28 27 23 23 23 22 22 22 22 22 22 21 21 21 21 21 20 20 19 19 19 19 19 20 21 22 22 23 24 24 25 25 25 26 26 27 27 27 28 28 28 28 29 29 29 28 28 27 28 28 28 31 31 31 31 31 31 31 35 41 41 41 41 41 43 43 43 60 63 56 39 37 37 38 39 39 39 38 38 37 36 35 34 35 36 36 37 37 36
-9999 25 29 30 31 30 28 27 26 25 23 23 22 22 22 22 22 21 21 21 21 21 20 20 19 19 19 19 19 20 21 21 22 23 23 24 25 25 26 27 27 28 28 29 31 31 30 31 30 29 29 29 29 28 28 27 28 28 29 33 35 36 35 35 33 34 42 41 42 43 43 43 43 43 44 57 55 39 36 37 37 38 39 39 40 39 38 37 36 35 34 36 36 36 35 34
-9999 24 28 30 29 28 28 27 26 25 23 22 22 22 22 22 21 21 21 21 21 21 20 20 19 19 19 19 19 20 21 22 22 23 24 24 25 26 28 28 29 29 30 30 31 32 32 31 31 30 30 29 29 28 28 27 28 28 27 31 37 39 39 39 34 33 42 44 43 43 43 42 43 43 39 37 37 36 35 36 36 37 38 38 40 41 39 38 37 36 36 35 36 36 34 34
-9999 24 25 30 29 28 27 27 26 25 22 22 22 22 22 21 21 21 21 21 21 20 20 19 19 19 19 19 20 21 21 22 23 23 24 25 25 26 29 29 30 30 31 32 33 32 32 31 31 30 30 29 29 28 28 27 28 28 29 36 39 34 42 39 34 35 41 44 43 43 43 42 43 44 39 35 34 33 33 33 35 36 37 37 40 40 40 39 38 37 36 36 36 36 34 34
-9999 24 24 29 29 28 27 26 25 25 22 22 22 22 21 21 21 21 21 21 20 20 19 19 19 19 19 19 20 21 21 22 23 23 24 25 25 26 30 31 31 32 32 32 33 32 32 31 31 30 30 29 29 28 28 27 28 28 29 41 44 40 41 36 32 32 42 43 43 43 43 42 43 43 35 31 31 30 30 31 33 35 36 39 40 40 37 37 38 38 36 36 36 36 35 34
-9999 24 24 28 28 27 27 26 25 24 23 22 22 21 21 21 21 21 21 20 20 20 19 19 19 19 19 20 20 21 22 22 23 24 24 25 26 26 31 32 32 31 31 32 33 33 32 32 31 31 30 30 29 29 28 28 27 28 30 37 40 40 39 35 32 30 41 42 43 43 43 43 43 42 34 31 29 28 29 30 34 36 39 39 39 39 36 36 36 36 36 36 35 36 35 35
-9999 24 23 25 28 27 26 25 25 24 23 22 21 21 21 21 21 21 20 20 20 19 19 19 19 19 19 20 21 21 22 23 23 24 25 25 26 27 32 31 31 31 31 32 33 33 32 32 31 31 30 30 29 29 28 28 27 27 31 35 38 38 38 36 32 28 38 41 42 43 43 43 43 41 36 32 30 29 30 30 32 35 37 37 39 33 35 35 35 35 35 35 35 36 35 35
-9999 25 25 24 26 27 26 25 24 23 23 21 21 21 21 21 21 20 20 20 19 19 19 19 18 19 20 20 21 22 22 23 24 24 25 26 26 27 31 31 31 31 31 32 32 33 32 32 31 31 30 30 29 29 28 28 27 27 29 34 35 36 37 36 32 28 34 41 42 42 42 42 42 38 36 34 32 30 30 31 31 33 35 34 31 31 34 35 35 34 34 34 37 36 36 36
-9999 24 24 24 25 24 24 24 24 23 22 21 21 21 21 21 20 20 20 20 19 19 19 19 19 19 20 20 21 22 22 23 24 25 25 26 27 27 31 31 31 31 32 32 32 33 32 32 31 31 30 30 29 29 28 28 27 27 26 30 31 32 33 33 30 26 33 39 40 40 41 41 41 38 36 34 31 32 32 33 30 32 33 32 31 31 33 34 34 34 34 34 37 36 36 36
-9999 25 24 23 24 24 24 23 23 22 22 21 21 21 21 20 20 20 20 19 19 19 19 19 19 19 20 21 21 22 23 23 24 25 25 26 27 27 31 31 31 31 32 32 32 33 32 32 31 31 30 30 29 29 28 28 27 27 25 25 27 28 28 28 26 25 30 38 39 40 40 40 40 38 36 34 31 32 32 31 29 30 32 32 31 31 32 33 33 34 34 36 39 38 38 37
-9999 24 24 23 23 24 23 23 23 22 22 21 21 21 20 20 20 20 19 19 19 19 19 19 19 20 20 21 22 22 23 24 24 25 26 26 27 28 31 31 31 31 32 32 32 32 33 32 32 31 31 30 30 29 29 28 28 27 25 25 25 24 24 25 25 25 28 37 38 39 40 40 38 38 36 34 31 31 30 29 29 30 31 31 30 31 32 32 33 34 36 38 38 38 38 37
-9999 24 23 22 22 24 23 23 22 22 22 21 21 20 20 20 20 19 19 19 19 19 19 19 19 20 21 21 22 23 23 24 25 25 26 27 27 28 31 31 31 31 31 32 32 32 33 32 32 31 31 30 30 29 29 28 28 27 25 25 24 24 25 28 28 27 28 34 34 37 38 37 36 36 35 34 35 36 33 31 30 31 30 30 31 31 33 33 34 36 38 39 38 38 37 37
-9999 23 23 22 22 23 23 23 22 22 21 21 20 20 20 20 20 19 19 19 19 19 19 19 19 20 21 22 22 23 24 24 25 26 26 27 28 28 31 31 31 31 35 35 32 32 33 32 32 31 31 30 30 29 29 28 28 27 27 25 29 32 32 33 34 34 30 30 31 33 35 35 34 34 33 34 40 45 44 40 36 31 30 30 30 32 32 34 37 40 41 41 38 37 36 35
-9999 23 23 21 21 23 23 22 22 22 21 21 20 20 20 20 19 19 19 19 19 19 19 19 19 20 21 22 22 23 24 24 25 26 26 27 28 28 31 31 32 39 38 35 32 32 32 32 32 31 31 30 30 29 29 28 28 27 27 30 34 36 36 36 35 35 34 31 30 31 33 33 32 30 30 33 33 43 46 41 39 32 30 30 30 31 33 37 41 46 48 43 39 36 35 34
-9999 23 22 21 21 23 23 22 22 21 21 20 20 20 19 20 19 19 19 19 19 19 19 19 19 21 21 22 23 23 24 25 25 26 27 27 28 29 31 33 39 38 37 35 32 32 32 32 32 31 31 30 30 29 29 28 28 27 27 30 35 36 36 36 35 35 34 33 33 32 32 31 30 30 29 33 32 37 42 38 36 31 30 30 31 32 34 40 48 57 54 47 40 37 35 34
-9999 22 22 20 20 23 22 22 21 21 21 20 20 19 19 20 20 19 19 19 19 19 19 19 19 21 22 22 23 24 24 25 26 26 27 28 28 29 32 39 37 36 35 35 32 32 32 32 32 32 31 31 30 30 29 29 28 28 27 28 33 35 36 36 35 35 34 34 33 32 32 31 31 30 29 31 32 32 35 33 30 29 28 30 32 34 41 46 58 62 60 50 43 38 35 34
-9999 21 20 20 20 22 22 22 21 21 20 20 20 19 19 20 20 19 19 19 19 19 19 19 19 21 22 23 23 24 25 25 26 27 27 28 29 29 34 38 36 35 34 34 33 32 32 32 32 32 31 31 30 30 29 29 28 28 27 28 30 35 36 36 36 35 35 34 33 33 32 31 31 30 30 29 32 31 31 28 27 27 28 32 33 46 51 53 55 58 58 50 42 39 34 34
-9999 20 20 20 19 22 22 21 21 21 20 20 19 20 19 20 20 20 19 19 19 19 19 19 19 22 22 23 24 24 25 26 26 27 28 28 29 29 34 37 36 34 33 33 32 32 32 32 31 31 31 31 30 30 29 29 28 28 27 27 33 35 35 37 36 35 35 34 34 33 32 32 31 31 30 29 31 31 31 29 27 29 31 33 37 53 54 53 50 50 49 48 39 34 34 34
-9999 20 20 19 19 21 22 21 21 21 20 20 20 19 19 20 20 20 19 19 19 19 19 19 20 22 22 23 24 24 25 26 26 27 28 28 29 30 34 36 35 34 33 33 32 32 32 31 31 31 30 30 30 29 29 29 28 28 27 27 31 34 35 36 36 35 35 35 35 34 33 32 32 31 30 30 30 30 30 28 29 29 31 36 40 45 46 50 47 45 43 40 37 34 34 34
-9999 19 19 20 19 21 21 21 21 20 20 20 20 20 20 20 20 20 20 20 20 20 20 20 21 22 23 23 24 24 25 26 26 27 27 28 30 31 34 35 35 35 34 34 33 33 32 30 30 29 29 29 29 29 29 29 28 28 28 29 31 33 34 34 34 35 36 36 36 36 36 33 32 31 30 29 29 29 27 26 26 27 30 34 39 41 43 44 43 41 39 36 33 33 34 36
-9999 19 19 19 19 20 20 20 20 20 20 20 20 20 20 20 20 20 20 20 20 20 21 21 22 23 23 24 25 25 26 26 26 26 27 29 30 32 34 35 35 35 35 34 34 34 32 28 27 27 28 28 28 28 28 28 28 29 29 29 30 32 32 32 33 34 36 38 38 38 37 35 33 31 29 28 28 28 25 24 24 25 28 33 37 39 39 39 38 37 35 31 29 32 34 37
-9999 18 18 20 19 20 20 20 20 20 20 20 20 20 20 20 20 20 20 20 21 21 22 22 23 23 24 24 25 25 26 26 26 26 26 29 31 32 35 36 36 35 35 35 35 35 33 25 25 26 26 27 27 27 28 28 28 29 29 30 30 30 31 31 32 32 37 39 40 39 38 35 33 31 30 28 28 28 27 23 23 24 27 31 35 38 38 37 36 34 31 28 28 31 34 39
-9999 18 18 19 19 19 19 19 19 19 19 19 19 20 20 20 20 20 20 20 21 21 22 22 23 24 24 25 25 26 26 27 27 28 28 30 31 32 36 36 36 35 35 35 35 34 32 25 25 25 26 26 27 27 27 28 28 28 29 29 30 30 30 31 31 32 36 37 38 38 37 34 33 31 29 28 28 28 27 25 24 24 25 29 33 36 37 36 35 33 30 28 27 30 34 38
-9999 17 18 19 19 19 19 19 19 19 19 19 19 19 19 19 19 19 21 23 22 23 24 24 25 25 26 26 27 27 29 29 29 29 30 32 32 33 35 35 35 35 34 34 35 34 32 25 25 25 25 26 26 27 27 27 28 28 28 29 29 30 30 30 31 31 34 36 36 36 35 33 32 29 28 28 27 27 27 27 24 24 24 27 31 34 35 35 34 33 29 27 27 30 34 37
-9999 16 19 19 19 19 19 19 19 19 19 19 19 19 19 20 21 21 25 26 26 25 25 25 26 27 27 28 29 30 30 30 30 31 31 34 34 34 34 34 34 34 34 33 34 34 32 27 24 25 25 25 26 26 27 27 27 28 28 29 29 29 30 30 31 31 33 34 34 34 34 31 29 28 27 27 27 27 27 27 26 24 24 26 28 32 33 34 34 32 29 27 27 30 34 36
-9999 17 19 19 19 19 19 19 19 19 19 19 19 19 23 36 44 47 48 46 48 46 32 27 27 28 28 31 32 33 37 39 34 32 32 36 35 34 34 34 34 34 33 33 33 32 30 27 24 24 25 25 25 26 26 27 27 27 28 28 29 29 29 30 30 31 31 32 33 32 31 28 27 27 27 27 27 27 26 26 26 26 26 26 25 30 32 33 33 31 28 27 26 30 34 35
-9999 18 18 18 18 18 18 18 18 18 18 18 19 23 35 49 53 48 47 46 45 44 36 29 28 33 41 42 37 39 47 52 56 56 46 43 41 38 36 34 33 33 33 32 30 28 26 24 23 24 24 25 25 25 26 26 27 27 27 28 28 29 29 29 30 30 31 30 29 28 27 27 27 27 27 27 26 26 26 26 26 26 25 25 25 28 30 32 32 30 27 26 26 30 34 34
-9999 18 18 18 18 18 18 18 18 18 18 19 23 27 41 51 56 50 44 42 39 34 29 31 37 44 48 48 46 57 62 64 61 61 57 47 47 44 39 36 34 32 31 29 27 25 23 22 23 24 24 24 25 25 25 26 26 27 27 28 28 28 29 29 29 30 30 28 27 27 27 27 27 27 26 26 26 26 26 26 25 25 25 25 25 25 28 30 30 28 26 26 26 29 33 33
-9999 18 18 18 18 18 18 18 18 18 18 19 25 29 36 44 48 42 36 36 28 28 34 40 52 58 62 63 73 77 71 68 66 67 62 55 48 47 43 36 34 34 32 29 27 25 23 22 23 23 24 24 24 25 25 26 26 26 27 27 27 28 28 29 29 30 30 27 27 27 27 27 26 26 26 26 26 26 25 25 25 25 25 25 24 24 26 27 27 26 26 26 26 28 31 32
-9999 17 17 18 18 18 18 18 18 18 19 19 23 26 29 32 34 33 30 27 29 38 47 55 62 73 76 75 83 90 87 84 77 77 70 66 60 53 48 43 38 38 35 31 29 26 24 22 22 23 23 24 24 24 25 25 26 26 26 27 27 28 28 28 29 29 30 27 27 27 26 25 26 26 26 26 25 25 25 25 25 25 24 24 24 24 25 26 26 25 25 25 26 27 29 30
-9999 17 17 17 17 17 17 17 19 19 19 19 20 23 26 28 27 26 26 28 35 43 50 53 60 77 91 92 96 104 103 103 95 93 84 77 68 68 62 49 44 40 37 33 30 28 26 24 23 23 23 23 24 24 24 25 25 26 26 26 27 27 28 28 28 29 29 27 26 26 26 26 26 26 25 25 25 25 25 25 24 24 24 24 24 24 23 24 24 24 24 25 25 25 27 27
-9999 17 17 17 17 17 17 17 18 19 19 20 20 20 22 24 24 24 25 28 36 38 40 40 44 62 92 103 108 117 122 119 115 107 101 92 84 81 71 64 47 43 39 36 33 29 26 25 24 23 22 22 23 24 24 24 25 25 26 26 26 27 27 28 28 28 29 26 26 26 26 26 25 25 25 25 25 25 24 24 24 24 24 24 23 23 23 23 23 23 24 24 24 24 25 25
-9999 17 17 17 17 17 17 17 17 19 19 20 20 20 21 21 22 22 24 27 35 36 37 39 40 51 73 92 106 113 124 129 131 128 115 105 100 89 74 65 52 45 40 37 33 30 27 26 24 23 22 21 20 23 24 24 25 25 25 26 26 26 27 27 28 28 28 26 26 26 25 25 25 25 25 25 24 24 24 24 24 24 23 23 23 23 23 23 23 23 23 23 23 23 24 24
-9999 17 17 17 17 17 17 17 17 19 19 19 19 20 20 20 21 22 22 24 31 32 33 35 40 47 56 62 87 98 108 120 128 136 131 124 111 94 78 67 58 45 41 37 33 30 28 27 25 23 22 21 20 20 23 24 24 24 25 25 26 26 27 27 27 28 28 26 25 25 25 25 25 25 24 24 24 24 24 24 23 23 23 23 23 23 22 22 22 22 23 23 23 23 23 23
-9999 17 17 17 17 17 17 17 17 18 19 19 19 19 19 20 20 21 22 23 26 28 30 32 34 42 48 54 71 83 93 106 117 125 134 134 119 101 84 72 58 46 41 36 32 31 29 27 26 24 23 21 20 20 23 23 24 24 25 25 25 26 26 27 27 27 28 25 25 25 25 24 24 24 24 24 24 24 23 23 23 23 23 23 22 22 22 22 22 22 22 22 22 22 23 23
-9999 17 17 17 17 17 17 17 17 17 18 18 18 19 19 19 20 20 21 21 22 25 28 30 33 35 43 56 63 71 81 92 103 113 123 132 126 107 89 74 54 43 37 34 31 30 28 26 25 24 23 21 20 20 21 23 23 24 24 25 25 25 26 26 27 27 27 25 25 25 24 24 24 24 24 24 23 23 23 23 23 23 22 22 22 22 22 22 21 21 22 22 22 22 22 22
-9999 17 17 17 17 17 17 17 17 17 18 18 18 18 19 19 20 20 20 21 22 22 25 28 31 33 36 46 51 56 68 78 87 100 111 124 127 116 96 77 62 42 36 34 32 29 26 25 24 23 22 21 20 20 20 23 23 23 24 24 25 25 25 26 26 27 27 25 24 24 24 24 24 24 23 23 23 23 23 23 22 22 22 22 22 22 21 21 21 21 21 21 21 21 21 22
-9999 16 16 17 17 17 17 17 17 17 17 18 18 18 19 19 19 18 20 21 21 22 22 25 28 30 33 39 42 48 57 68 78 87 99 110 119 117 104 84 70 50 37 34 33 30 27 25 24 23 22 21 20 20 19 21 23 23 23 24 24 25 25 25 26 26 26 24 24 24 24 24 23 23 23 23 23 23 23 22 22 22 22 22 22 21 21 21 21 21 21 21 22 22 23 23
-9999 16 16 16 16 16 16 16 17 17 17 18 18 18 18 18 18 18 18 19 20 21 22 22 25 28 31 36 40 43 52 63 68 78 85 96 106 111 109 94 77 62 41 34 33 31 29 27 25 24 23 21 20 19 19 19 22 23 23 24 24 24 25 25 25 26 25 24 24 24 23 23 23 23 23 23 22 22 22 22 22 22 21 21 21 21 21 21 21 22 22 23 23 23 24 24
-9999 15 15 15 15 16 16 16 17 17 17 18 18 18 18 18 18 18 18 18 18 20 22 22 23 24 26 33 39 42 46 52 59 66 70 79 90 100 104 102 84 69 52 37 32 32 30 28 26 24 23 22 20 18 18 19 22 22 23 23 24 24 24 25 25 26 25 24 23 23 23 23 23 23 23 22 22 22 22 23 22 21 21 21 21 21 21 22 22 23 23 24 24 25 25 26
-9999 15 15 15 15 16 16 16 17 17 17 17 17 17 17 18 18 18 18 18 18 18 20 21 22 23 23 26 30 28 27 32 44 56 57 58 73 87 99 102 92 76 63 49 36 33 32 29 27 25 23 21 19 18 17 17 20 22 22 23 23 24 24 24 25 25 25 23 23 23 23 23 23 22 22 22 22 22 22 21 22 21 22 22 22 22 22 22 23 23 24 25 26 26 26 27
-9999 16 17 16 16 16 16 17 17 17 18 16 17 17 17 18 18 18 18 18 18 18 18 19 20 21 22 22 23 25 26 26 27 41 45 50 56 72 90 98 97 87 75 62 50 38 34 30 27 25 23 20 19 17 16 16 17 22 22 22 23 23 24 24 24 25 24 23 23 23 23 22 22 22 22 22 22 21 21 21 21 22 22 22 22 22 22 22 23 23 24 26 27 27 27 28
-9999 15 15 15 15 16 16 17 17 17 18 17 16 17 17 17 18 17 18 18 18 18 18 18 19 20 20 21 23 24 25 26 27 34 15 38 39 44 66 87 96 92 83 65 51 37 33 29 27 25 22 20 18 16 16 16 16 21 22 22 22 23 23 24 24 24 24 23 23 22 22 22 22 22 22 21 21 21 21 21 21 22 22 22 22 22 22 22 23 24 25 25 28 28 29 29
-9999 15 15 15 15 16 16 17 17 17 17 18 18 18 18 18 19 19 19 18 18 18 18 18 19 19 19 20 20 22 22 23 27 29 31 38 41 46 52 71 86 88 83 59 46 30 29 27 25 23 21 20 19 16 16 16 16 19 21 22 22 23 23 23 24 24 23 22 22 22 22 22 22 21 21 21 21 21 21 20 21 21 22 22 22 22 22 23 24 25 25 25 27 29 30 30
-9999 16 16 16 16 16 16 16 17 17 17 17 17 18 18 18 18 18 19 18 18 18 19 19 19 19 19 19 20 20 20 21 21 22 24 31 35 40 46 52 72 76 76 55 45 29 28 26 24 23 21 20 19 17 16 16 16 18 21 21 22 22 23 23 23 23 22 22 22 22 22 21 21 21 21 21 21 20 20 21 21 21 22 22 22 22 23 24 25 26 26 26 27 27 27 29
-9999 15 15 15 15 15 15 16 16 16 16 17 17 17 17 18 18 18 18 18 18 18 19 19 19 19 19 19 19 19 20 20 21 21 21 24 28 33 39 42 48 57 64 57 44 28 27 26 24 22 21 20 19 18 17 16 16 17 21 21 21 22 22 23 23 22 22 22 22 21 21 20 21 21 21 20 20 20 20 21 21 21 21 22 22 23 23 25 26 26 26 26 27 27 27 27
-9999 15 14 14 14 14 14 15 15 15 15 16 16 16 16 16 16 17 17 17 18 18 18 19 19 19 19 19 19 19 19 19 20 20 21 22 23 26 32 35 38 42 51 56 45 27 26 25 24 22 21 20 19 18 17 16 16 17 20 21 21 21 22 22 22 22 22 21 21 21 21 18 21 20 20 20 20 20 21 21 21 21 21 21 22 24 26 26 26 26 26 26 26 26 26 27
-9999 15 14 13 13 13 13 14 14 14 14 15 15 15 15 15 15 15 15 16 17 18 18 18 18 18 19 19 19 19 19 19 19 19 20 21 22 22 25 28 32 36 42 51 43 26 25 24 23 22 21 20 20 19 17 17 16 18 20 20 21 21 22 22 22 21 21 21 21 21 21 19 19 18 19 20 20 20 20 21 21 21 21 21 23 25 25 26 26 26 26 26 26 26 26 26
