Model/1D-2D/i03_dem.asc
ncols         157
nrows         207
xllcorner     42854.265930178
yllcorner     227397.95507813
cellsize      30
NODATA_value  -9999
[rows 55 to 109 of 207, columns 0 to 95 of 157]
-9999 15 15 13 13 13 13 13 13 13 14 14 14 14 14 14 14 14 14 15 17 17 18 18 18 18 18 18 19 19 19 19 19 19 19 21 21 21 23 23 27 34 38 44 37 25 24 24 23 21 21 20 20 19 18 17 16 17 19 20 20 21 22 21 21 21 21 21 21 20 20 19 18 19 19 20 20 20 20 22 22 21 21 21 26 25 25 25 25 25 26 26 26 26 26 26
-9999 15 15 13 13 13 13 13 13 13 13 14 14 14 14 14 14 14 14 14 17 17 17 17 18 18 18 18 18 18 19 19 19 19 19 19 19 20 22 22 23 25 30 36 31 24 23 23 23 21 21 20 20 19 18 17 17 16 17 20 20 21 21 21 21 21 21 20 20 20 20 20 18 19 19 19 19 20 23 25 26 25 23 25 27 25 25 25 25 25 25 25 26 26 26 26
-9999 15 15 13 13 13 13 13 13 13 13 13 13 14 14 14 14 14 14 14 14 17 17 17 17 17 18 18 18 18 18 18 19 19 19 19 19 19 19 20 21 22 23 26 25 23 22 23 22 21 20 20 20 19 18 17 17 16 17 19 21 21 21 21 21 20 20 20 20 20 20 19 19 20 21 20 20 24 28 32 34 31 28 28 28 25 25 25 25 25 25 25 25 25 25 26
-9999 15 15 12 13 13 13 13 13 13 13 13 13 13 14 14 14 14 14 14 14 16 17 17 17 17 17 17 18 18 18 18 18 18 19 18 19 19 19 19 20 20 21 21 22 21 21 22 22 20 20 20 21 20 19 17 17 16 17 20 21 21 21 20 20 20 20 20 20 19 19 19 19 20 21 21 23 28 34 41 42 38 33 30 29 24 24 24 25 25 25 25 25 25 25 25
-9999 15 15 13 12 12 12 13 13 13 13 13 13 13 13 14 14 14 14 14 14 14 16 16 17 17 17 17 17 17 18 18 18 18 18 18 18 18 18 18 20 20 20 20 20 20 20 21 21 20 20 20 21 20 19 17 16 17 18 20 21 20 20 20 20 20 20 19 19 19 19 19 19 20 21 23 27 34 44 50 51 46 39 32 31 24 24 24 24 24 25 25 25 25 25 25
-9999 15 14 13 12 12 12 12 13 13 13 13 13 13 13 13 13 14 14 14 14 14 14 16 16 16 17 17 17 17 17 17 17 18 18 18 18 18 18 18 20 20 20 20 20 19 19 19 19 19 19 20 21 21 18 16 16 17 17 20 20 20 20 20 20 19 19 19 19 19 19 18 19 20 23 27 34 44 53 59 59 53 44 33 32 24 24 24 24 24 24 24 24 25 25 25
-9999 15 14 13 12 12 12 12 12 13 13 16 16 16 16 14 13 13 13 13 14 14 14 16 16 16 16 16 16 17 17 17 17 17 17 18 18 17 18 18 20 20 20 20 20 19 19 18 18 17 17 17 17 16 16 16 16 16 15 20 20 20 20 19 19 19 19 19 21 24 24 20 19 21 25 31 40 50 58 63 62 57 47 33 30 24 24 24 24 24 24 24 24 24 24 25
-9999 15 14 14 12 12 12 12 12 12 13 16 16 16 16 16 16 16 16 16 16 15 15 15 15 16 16 16 16 16 16 16 16 17 16 16 16 16 17 17 18 20 20 20 20 19 19 17 17 17 17 17 17 16 16 16 16 16 17 19 20 19 19 19 19 19 19 20 24 24 26 23 20 20 26 34 42 49 54 58 58 53 44 32 28 23 23 23 24 24 24 24 24 24 24 24
-9999 14 14 14 12 12 12 12 12 12 12 16 16 16 16 16 16 16 16 16 16 16 16 15 15 15 15 16 16 16 16 13 13 13 13 16 16 16 17 15 14 14 17 19 20 19 18 17 17 17 17 17 17 17 17 17 17 17 17 18 19 19 19 19 19 19 20 20 20 21 21 20 19 20 25 31 37 42 46 49 48 45 37 29 25 23 23 23 23 23 24 24 24 24 24 24
-9999 14 14 14 12 12 12 12 12 13 15 16 16 16 16 16 16 16 16 16 16 16 16 15 14 15 15 15 15 16 16 12 12 12 12 15 15 15 17 14 14 14 14 14 15 17 18 17 16 16 16 17 17 17 17 17 17 17 16 16 17 18 18 18 18 18 18 18 18 18 18 18 19 19 21 24 28 31 35 38 39 35 29 25 23 23 23 23 23 23 23 23 23 24 24 24
-9999 14 14 14 14 13 15 15 15 15 15 16 16 16 16 16 16 16 15 15 15 15 15 15 14 15 15 15 15 15 15 12 12 12 12 15 15 15 16 14 14 14 14 14 14 14 14 14 15 16 16 16 16 17 17 17 17 16 16 16 17 18 18 18 18 18 18 18 18 18 18 18 18 19 19 20 21 24 26 27 26 23 22 22 22 23 23 23 23 23 23 23 23 23 23 24
-9999 14 14 14 14 14 15 15 15 15 15 15 15 15 15 15 15 15 15 15 15 15 15 14 14 14 14 15 15 15 14 12 12 12 12 15 15 15 16 14 14 14 14 14 14 14 14 14 14 14 14 14 14 15 15 15 15 16 15 16 16 16 16 16 16 16 16 17 17 17 17 18 18 18 18 19 19 19 19 20 20 20 20 20 20 21 22 22 23 23 23 23 23 23 23 24
-9999 14 14 14 14 14 14 14 15 15 15 15 15 15 15 15 15 15 15 15 15 15 15 14 14 14 14 14 14 14 14 12 12 12 12 14 14 15 16 14 14 14 14 14 14 14 14 14 14 14 14 14 14 14 14 14 14 14 14 15 15 15 15 15 15 15 15 16 16 16 17 18 18 18 18 18 18 18 19 19 19 19 19 20 20 20 21 21 21 21 22 23 23 23 23 23
-9999 14 14 14 14 14 14 14 14 15 15 15 15 15 15 15 15 15 15 15 15 15 15 14 13 13 14 14 14 14 14 12 12 12 12 14 14 14 16 13 13 13 14 14 14 14 14 14 14 14 14 14 14 14 14 14 14 14 14 14 14 14 15 15 15 15 16 16 16 16 16 16 16 17 17 18 18 18 18 18 18 19 19 19 19 20 20 20 20 20 20 21 21 21 22 22
-9999 14 14 14 14 14 14 14 14 14 15 15 15 15 15 15 15 15 15 15 15 15 15 14 13 13 13 13 14 14 13 12 12 12 12 14 14 14 15 13 13 13 13 13 13 13 14 14 14 14 14 14 14 14 14 14 14 14 14 14 14 14 14 14 14 15 16 16 16 16 16 16 16 17 17 17 17 17 17 18 18 18 18 18 18 19 19 19 19 19 20 20 20 21 21 21
-9999 14 14 14 14 14 14 14 14 14 14 15 15 15 15 15 15 15 15 15 15 15 15 13 13 13 13 13 13 13 12 12 12 12 12 14 14 14 13 13 13 13 13 13 13 13 13 13 13 13 14 14 14 14 14 14 14 14 14 14 14 14 14 14 14 14 14 14 15 16 16 16 16 17 17 17 17 17 17 17 17 17 17 18 18 18 18 18 18 18 19 19 19 20 20 20
-9999 14 14 14 14 15 15 15 14 14 14 15 15 15 15 15 15 14 14 14 14 14 14 13 12 12 13 13 13 13 12 11 11 11 11 13 14 14 13 13 13 13 13 13 13 13 13 13 13 13 13 13 13 13 13 14 14 14 14 14 14 14 14 14 14 14 14 14 14 14 14 15 17 17 17 17 17 17 17 16 16 17 17 17 17 17 17 17 17 18 18 18 19 19 19 19
-9999 13 14 14 15 15 15 15 15 14 13 14 14 14 14 14 14 14 14 14 14 14 14 13 13 12 12 12 13 13 13 11 11 11 11 13 13 13 14 13 13 13 13 13 13 13 13 13 13 13 13 13 13 13 13 13 13 13 13 14 14 14 14 14 14 14 14 14 14 14 14 14 14 14 15 16 16 16 17 17 17 16 16 16 16 16 16 16 16 17 17 17 18 18 18 19
-9999 12 14 14 14 14 14 14 14 14 14 14 14 14 14 14 14 14 14 14 14 14 14 12 13 13 12 12 13 13 12 11 11 11 11 13 13 13 13 13 13 13 13 13 13 13 13 13 13 13 13 13 13 13 13 13 13 13 13 13 13 13 13 14 14 14 14 14 14 14 14 14 14 14 14 14 14 15 16 16 16 16 16 16 16 16 16 16 16 17 16 17 17 17 18 18
-9999 12 12 14 14 14 14 14 14 14 14 14 14 14 14 14 14 14 14 14 14 14 14 12 12 12 13 13 13 13 12 11 11 11 11 13 13 13 14 13 13 13 13 13 13 13 13 13 13 13 13 13 13 13 13 13 13 13 13 13 13 13 13 13 13 13 13 14 14 14 14 14 14 14 14 14 14 14 14 14 15 16 16 16 16 16 16 16 16 16 16 16 16 17 17 17
-9999 12 14 14 14 14 14 14 14 14 14 14 14 14 14 14 14 14 14 14 14 14 14 12 12 12 12 12 13 13 12 11 11 11 11 13 13 13 13 12 12 12 12 12 13 13 13 13 13 13 13 13 13 13 13 13 13 13 13 13 13 13 13 13 13 13 13 13 13 13 13 14 14 14 14 14 14 14 14 14 14 14 14 15 16 16 16 16 16 16 16 16 16 16 16 16
-9999 10 14 14 14 14 14 14 14 14 14 14 14 14 14 14 14 14 14 14 14 14 14 12 12 12 12 12 12 12 12 11 11 11 11 12 12 12 13 12 12 12 12 12 12 12 12 12 13 13 13 13 13 13 13 13 13 13 13 13 13 13 13 13 13 13 13 13 13 13 13 13 13 13 13 14 14 14 14 14 14 14 14 14 14 14 15 16 16 16 16 16 16 16 16 16
-9999 12 14 14 14 14 14 14 14 14 14 14 14 14 14 14 13 13 13 13 13 13 13 11 11 12 12 12 12 12 11 11 11 11 11 12 12 12 13 12 12 12 12 12 12 12 12 12 12 12 12 12 13 13 13 13 13 13 13 13 13 13 13 13 13 13 13 13 13 13 13 13 13 13 13 13 13 13 13 14 14 14 14 14 14 14 14 14 14 14 15 15 15 16 16 16
-9999 13 14 14 14 14 14 14 13 13 13 13 13 13 13 13 13 13 13 13 13 13 13 11 11 11 11 12 12 12 11 11 11 11 11 12 12 12 13 12 12 12 12 12 12 12 12 12 12 12 12 12 12 12 12 12 13 13 13 13 13 13 13 13 13 13 13 13 13 13 13 13 13 13 13 13 13 13 13 13 13 13 14 14 14 14 14 14 14 14 14 14 14 14 15 15
-9999 13 13 14 14 13 14 14 13 13 13 13 13 13 13 13 13 13 13 13 13 13 13 12 12 11 12 12 12 12 11 11 11 11 11 12 12 12 12 12 12 12 12 12 12 12 12 12 12 12 12 12 12 12 12 12 12 12 12 12 13 13 13 13 13 12 13 13 13 13 13 13 13 13 13 13 13 13 13 13 13 13 13 14 14 14 14 14 14 14 14 13 13 13 12 13
-9999 13 13 13 13 12 13 13 13 13 13 13 13 13 13 13 13 13 13 13 13 13 12 12 12 12 12 12 12 12 12 12 12 12 12 12 12 12 12 12 12 12 12 12 12 12 12 12 12 12 12 12 12 12 11 12 12 12 12 12 12 12 12 13 12 12 12 13 13 13 13 12 13 13 13 13 12 12 13 13 13 13 13 13 13 13 14 14 14 14 14 13 12 12 10 10
-9999 13 13 13 13 11 13 13 14 13 13 13 13 13 13 13 13 13 13 13 13 12 12 12 13 13 12 12 12 12 12 12 12 12 12 12 12 12 12 12 12 12 12 12 12 12 12 12 12 12 12 12 12 11 11 11 11 11 11 11 12 12 12 13 12 11 12 13 13 13 13 13 13 13 13 12 12 12 12 12 12 13 13 13 13 13 13 14 14 14 15 13 11 11 7 7
-9999 13 13 13 13 11 13 13 14 14 13 13 13 13 13 13 13 13 13 14 13 13 11 12 13 13 12 12 12 12 12 12 12 12 12 12 12 12 12 12 12 12 12 12 12 12 12 12 12 12 12 12 11 11 11 11 11 11 11 11 12 11 12 12 12 11 12 13 13 13 13 13 13 13 13 13 12 13 13 12 12 13 13 13 13 13 13 13 13 13 14 13 11 11 9 8
-9999 13 13 13 9 13 13 13 14 14 14 14 14 14 14 14 14 14 14 14 14 13 12 11 13 13 12 12 12 12 12 12 12 12 12 12 12 12 12 12 12 12 12 12 12 12 12 12 12 12 12 11 11 11 11 11 11 11 11 11 11 11 11 11 12 12 11 12 12 13 13 13 13 12 12 13 12 12 13 12 12 13 13 13 13 13 14 14 13 13 13 13 13 14 14 14
-9999 13 13 10 9 14 14 13 14 14 13 14 14 15 14 14 14 14 14 14 14 13 13 11 13 12 12 12 12 12 12 12 12 12 12 12 12 12 12 11 12 12 12 12 11 11 11 11 12 12 12 11 11 11 11 11 11 11 11 11 11 11 11 11 11 11 11 11 12 12 12 12 12 12 13 13 12 12 13 12 12 13 13 13 12 13 13 14 14 13 13 13 14 14 15 15
-9999 8 8 11 14 13 13 13 13 13 13 14 13 14 13 14 14 14 14 14 14 13 12 11 13 12 12 12 12 12 12 11 11 11 12 11 11 12 11 11 12 12 12 12 12 12 12 12 12 12 11 11 11 11 11 11 11 11 11 11 12 12 12 12 11 11 11 12 12 12 12 12 12 12 12 12 13 12 14 13 13 13 12 13 13 13 13 13 13 13 13 13 13 13 13 13
-9999 12 12 13 13 13 13 13 13 13 13 13 13 14 13 14 14 14 14 14 14 13 12 12 13 13 13 12 12 12 12 12 11 11 11 11 12 11 12 11 11 12 12 12 12 12 11 12 12 12 11 11 12 11 11 11 11 11 11 11 12 12 12 12 11 11 12 12 12 12 12 12 12 12 11 12 12 12 12 13 13 13 13 12 12 13 13 13 13 13 13 13 13 14 13 12
-9999 12 12 12 12 12 13 13 12 13 13 11 12 13 13 13 13 13 13 14 14 13 13 12 12 12 12 12 12 12 12 12 11 11 12 12 12 12 11 11 11 12 12 12 12 12 12 12 12 12 11 11 11 11 11 11 11 11 12 12 12 12 12 12 11 11 12 12 12 12 12 12 12 12 11 12 12 12 12 12 12 13 13 13 13 13 13 13 13 13 13 13 13 14 14 14
12 12 12 12 12 13 13 13 12 13 14 11 11 13 13 13 13 13 13 13 13 13 13 13 12 12 12 12 12 12 12 12 12 11 11 11 11 11 11 11 11 11 12 12 12 11 12 12 11 11 11 12 11 11 11 11 11 11 12 11 11 11 12 12 11 11 11 11 11 12 11 11 12 12 11 11 12 12 12 12 12 12 12 12 12 13 12 12 13 13 13 13 13 14 13 13
12 12 12 12 12 12 13 13 12 13 14 9 6 13 14 14 14 14 14 13 13 13 13 13 13 12 12 12 12 12 12 12 12 12 12 12 12 12 11 11 11 11 12 11 11 12 12 12 11 11 11 11 11 11 11 11 11 11 11 11 11 11 11 12 11 12 11 11 12 11 11 11 11 11 11 12 11 12 12 13 12 13 12 12 12 13 13 13 13 14 14 14 14 14 13 14
12 12 12 12 12 12 13 13 13 13 13 9 11 14 14 13 13 14 13 13 13 13 13 12 12 12 12 12 12 12 12 12 12 12 12 11 11 11 11 11 11 11 11 11 11 11 11 11 11 11 11 11 11 11 11 11 11 11 11 11 11 11 11 11 11 11 11 11 11 11 11 11 11 11 11 11 11 12 12 12 12 12 12 12 12 12 12 12 12 13 13 13 13 13 13 13
12 12 12 13 13 13 13 13 13 13 13 12 13 13 13 13 13 13 12 12 12 12 12 12 12 12 12 12 12 12 12 12 12 11 11 11 11 11 11 11 11 11 11 11 11 11 11 11 11 11 11 11 11 11 11 11 12 12 11 11 11 11 11 11 11 11 11 11 11 11 11 11 11 11 11 11 11 11 12 12 12 12 12 12 12 12 12 12 12 12 12 12 13 13 13 13
12 12 12 12 12 12 12 12 12 12 12 12 12 12 12 12 12 12 12 12 12 12 12 12 12 12 12 12 11 12 12 12 12 12 12 12 12 12 11 11 11 12 11 11 11 11 11 11 11 11 11 11 11 11 11 11 11 11 11 11 11 12 12 12 12 12 12 11 12 12 11 11 11 11 11 11 11 11 11 12 12 12 12 12 12 12 12 12 12 12 12 13 13 13 13 13
12 12 12 12 12 12 12 12 12 13 13 12 13 13 13 13 12 13 13 13 13 13 13 13 13 13 12 12 12 12 12 12 12 12 12 12 12 12 11 12 12 12 12 11 11 11 11 11 11 11 11 11 11 11 10 11 11 10 10 11 11 12 12 11 12 12 11 11 11 11 11 11 11 11 11 11 11 12 12 12 13 13 13 13 12 12 12 12 12 13 12 12 13 13 13 13
13 13 13 13 13 13 12 13 13 13 13 13 14 13 13 12 13 12 13 13 13 13 13 13 13 13 12 12 12 12 12 12 12 12 12 12 12 12 12 11 12 12 10 11 11 11 11 11 11 11 11 11 11 11 10 11 11 10 11 11 11 11 11 11 10 11 11 11 11 10 10 11 11 11 11 11 11 12 12 11 13 13 13 12 12 12 12 12 12 12 12 12 14 14 14 13
12 12 13 13 13 14 14 13 13 13 13 13 13 13 12 12 12 12 13 13 13 13 13 13 13 13 12 12 12 12 12 12 12 12 13 12 12 12 12 11 12 12 10 11 12 11 11 11 10 11 11 10 10 10 10 10 11 10 11 11 11 11 11 11 11 11 10 11 11 10 10 10 10 11 11 11 11 11 12 11 11 10 11 11 12 12 12 12 12 12 12 12 13 13 13 13
12 13 13 13 13 14 14 13 13 13 14 14 13 13 12 12 12 12 13 13 13 13 13 13 13 13 12 12 12 12 12 12 12 13 12 12 12 12 12 12 12 12 11 11 11 11 11 11 10 10 10 10 10 10 10 10 10 10 10 11 10 10 10 10 10 10 10 10 10 10 10 10 10 11 11 11 12 12 12 11 11 11 11 12 12 12 12 12 13 12 12 12 13 13 12 12
13 12 12 13 12 14 13 13 13 14 14 13 13 13 12 13 12 12 13 13 13 13 13 13 13 13 12 12 12 12 12 12 12 12 12 12 12 12 12 12 12 12 11 11 11 11 11 11 10 11 10 10 10 10 10 10 10 11 10 10 10 10 10 11 10 10 10 10 10 10 11 11 11 11 11 11 12 12 11 11 11 11 12 12 12 12 12 12 12 12 12 12 13 13 12 12
12 12 12 12 12 12 13 13 13 13 13 12 13 13 13 12 12 12 13 13 13 13 13 13 13 13 12 12 12 12 12 12 12 12 12 12 12 12 12 12 11 12 11 11 11 11 11 11 10 10 10 10 10 10 10 10 10 11 11 10 10 10 10 10 10 10 10 10 10 10 11 11 11 11 12 12 12 12 11 11 11 12 12 12 11 12 12 12 12 12 13 13 13 13 12 13
12 13 12 12 12 12 12 13 13 13 13 12 12 13 13 12 12 12 12 13 13 14 13 12 12 12 12 12 12 12 12 12 13 12 12 12 12 12 12 12 12 11 10 11 11 10 11 11 10 10 10 9 9 9 10 10 10 10 11 10 10 9 9 10 10 10 10 10 10 10 11 11 11 11 12 12 12 12 12 11 11 12 12 12 12 13 12 13 13 13 13 13 13 13 13 14
11 12 12 12 11 12 12 12 13 13 13 13 13 13 13 12 12 12 13 12 13 13 12 12 12 12 13 13 12 12 12 12 12 12 12 12 12 12 12 11 12 12 11 10 11 11 11 10 9 10 11 10 10 10 10 10 10 10 10 10 10 10 9 10 10 9 9 10 10 10 11 11 11 10 10 10 11 12 12 11 11 11 12 12 13 13 13 13 13 13 13 14 13 13 14 14
8 12 12 12 12 12 12 12 12 12 12 13 13 13 12 12 12 12 12 12 12 12 12 12 13 13 13 13 13 13 12 12 13 12 12 12 12 11 11 11 11 11 11 10 11 12 11 10 10 10 11 11 11 10 10 10 10 10 10 10 9 9 9 9 10 10 10 10 10 10 10 11 11 11 11 10 10 10 10 10 10 11 13 13 13 13 14 14 14 14 14 14 13 14 14 14
7 8 12 12 12 12 12 12 12 12 13 12 12 12 13 12 12 12 12 12 12 12 12 12 13 13 13 13 13 13 13 12 12 12 12 12 12 11 11 11 11 11 11 11 12 12 10 10 10 11 11 10 10 11 11 10 10 10 10 10 10 10 10 10 10 10 10 10 10 10 10 11 11 12 12 12 12 10 10 11 13 14 14 14 14 14 14 14 14 14 14 13 13 14 14 14
11 7 8 13 13 13 12 12 12 12 12 12 13 12 13 12 12 12 12 12 12 12 12 13 13 13 13 13 13 13 13 12 12 12 12 12 11 11 11 11 11 11 11 11 12 12 10 10 10 11 10 10 10 10 11 10 10 10 10 10 10 10 10 10 10 10 10 10 10 10 11 11 12 12 12 13 13 11 13 14 14 14 14 14 14 14 14 14 14 14 14 14 15 14 14 14
12 11 9 10 12 12 13 13 12 12 12 12 13 12 12 12 12 12 12 12 12 12 12 13 13 13 13 13 13 13 13 12 12 12 12 12 11 11 11 11 11 11 11 11 12 11 10 10 10 10 10 10 10 10 11 10 10 10 10 10 10 10 10 10 10 10 10 10 10 10 11 12 12 12 13 13 13 14 14 14 14 14 14 14 14 14 14 14 14 14 14 15 15 14 14 14
13 13 11 8 12 13 12 13 13 13 13 12 12 13 13 13 12 13 13 13 13 13 12 12 13 13 13 13 13 13 13 12 12 12 12 12 12 11 11 11 11 11 10 11 11 11 10 10 10 10 10 10 10 10 10 10 10 10 10 10 10 10 10 10 10 10 10 10 10 11 11 12 12 12 13 13 13 14 14 14 14 14 14 14 14 14 14 14 14 15 14 15 15 15 14 14
12 12 11 10 11 12 12 12 13 13 12 12 12 12 13 13 13 13 13 13 13 13 13 13 13 13 13 13 13 13 13 12 12 12 12 12 12 12 11 11 11 11 11 11 11 11 11 10 10 10 10 10 10 10 10 10 10 10 10 10 10 10 10 10 10 10 10 10 10 10 11 11 12 12 12 12 13 13 13 13 13 13 14 14 14 14 14 14 14 14 14 14 14 14 14 14
11 11 11 10 11 12 12 12 12 12 12 12 12 12 12 13 13 13 13 13 13 13 13 13 13 12 12 12 12 12 13 13 13 13 12 12 12 12 12 12 12 12 12 12 12 12 11 11 11 11 11 11 11 11 11 11 11 11 11 11 11 10 10 10 10 10 9 9 10 10 10 10 11 11 11 11 12 12 12 12 12 13 13 13 13 13 13 14 14 14 14 14 14 14 14 14
11 11 11 11 11 12 12 12 12 12 12 12 12 12 12 12 13 13 13 13 13 13 13 13 13 12 12 12 12 12 13 13 13 13 12 12 12 12 12 12 12 12 12 12 12 12 12 11 11 11 11 11 11 11 11 11 11 11 11 11 11 10 10 10 10 10 9 9 10 10 10 10 11 11 11 11 11 12 12 12 12 12 13 13 13 13 13 14 14 13 13 14 14 14 14 14
11 11 11 9 11 12 12 12 12 12 12 12 12 12 12 12 12 13 13 13 13 13 13 13 13 13 12 12 12 12 13 13 13 13 12 12 12 12 12 12 12 12 12 12 12 12 12 11 11 11 11 11 11 11 11 11 11 11 11 11 10 10 10 10 10 9 9 9 9 10 10 10 10 11 11 11 11 11 12 12 12 12 12 13 13 13 13 13 12 12 14 14 14 14 14 14
