1D-2D result/1D-2D/RTR/20yr_max_wDepth.asc
ncols         157
nrows         207
xllcorner     42854.265930178
yllcorner     227397.95507813
cellsize      30
NODATA_VALUE  -9999
[rows 148 to 184 of 207, columns 0 to 81 of 157]
-9999 -9999 -9999 -9999 -9999 -9999 -9999 -9999 -9999 -9999 -9999 -9999 -9999 -9999 -9999 -9999 -9999 -9999 -9999 -9999 -9999 -9999 -9999 -9999 -9999 -9999 -9999 -9999 104 -9999 -9999 -9999 7 7 6 -9999 40 40 39 39 39 39 39 39 39 39 39 39 39 39 39 40 40 40 40 39 39 -9999 39 39 39 39 39 -9999 -9999 338 138 38 38 38 38 -9999 38 38 38 38 38 38 38 38 38 38
-9999 -9999 -9999 -9999 -9999 -9999 -9999 -9999 -9999 -9999 -9999 -9999 -9999 -9999 -9999 -9999 -9999 -9999 -9999 -9999 -9999 -9999 -9999 -9999 -9999 -9999 -9999 -9999 104 -9999 -9999 -9999 7 7 5 -9999 -9999 -9999 39 39 39 39 39 39 39 39 39 39 39 39 39 39 39 39 39 39 39 -9999 39 -9999 -9999 38 -9999 -9999 -9999 338 138 38 38 38 -9999 -9999 38 38 38 38 38 37 37 37 38 38
-9999 -9999 -9999 -9999 -9999 -9999 -9999 -9999 -9999 -9999 -9999 -9999 -9999 -9999 -9999 -9999 -9999 -9999 -9999 -9999 -9999 -9999 -9999 -9999 -9999 -9999 -9999 -9999 104 -9999 -9999 -9999 -9999 6 5 -9999 -9999 39 39 39 39 39 39 39 39 39 39 39 39 39 39 39 39 39 39 39 39 -9999 39 38 38 38 38 -9999 -9999 338 238 38 37 38 37 37 38 38 37 37 37 37 37 37 37 37
-9999 -9999 -9999 -9999 -9999 -9999 -9999 -9999 -9999 -9999 -9999 -9999 -9999 -9999 -9999 -9999 -9999 -9999 -9999 -9999 -9999 -9999 -9999 -9999 -9999 -9999 -9999 -9999 8 -9999 -9999 -9999 7 6 5 5 -9999 39 39 39 39 39 39 39 39 39 39 39 39 39 39 39 39 39 39 39 39 39 38 38 38 38 38 38 38 338 237 37 37 -9999 -9999 37 37 37 37 37 37 37 37 37 37 37
-9999 -9999 -9999 -9999 -9999 -9999 -9999 -9999 -9999 -9999 -9999 -9999 -9999 -9999 -9999 -9999 -9999 -9999 -9999 -9999 -9999 -9999 -9999 -9999 -9999 -9999 -9999 -9999 -9999 -9999 -9999 -9999 7 6 5 -9999 -9999 39 39 39 39 39 39 39 39 39 39 39 39 39 39 39 39 39 39 39 39 38 38 38 38 38 38 38 38 137 137 37 37 -9999 37 -9999 38 -9999 37 37 37 36 36 36 36 -9999
-9999 -9999 -9999 -9999 -9999 -9999 -9999 -9999 -9999 -9999 -9999 -9999 -9999 -9999 -9999 -9999 -9999 -9999 -9999 -9999 -9999 -9999 -9999 -9999 -9999 -9999 -9999 -9999 -9999 -9999 -9999 -9999 6 6 6 6 -9999 40 40 39 39 39 39 39 39 39 39 39 39 39 39 39 39 39 39 39 39 39 -9999 38 38 38 38 38 38 37 37 37 37 -9999 37 37 38 -9999 36 36 36 36 35 35 35 34
-9999 -9999 -9999 -9999 -9999 -9999 -9999 -9999 -9999 -9999 -9999 -9999 -9999 -9999 -9999 -9999 -9999 -9999 -9999 -9999 -9999 -9999 -9999 -9999 -9999 -9999 -9999 -9999 -9999 76 -9999 -9999 5 5 6 7 -9999 40 40 40 39 39 39 39 39 39 39 40 39 39 39 40 39 39 39 39 39 39 -9999 38 38 38 38 38 37 37 37 37 37 -9999 -9999 -9999 37 -9999 36 36 35 35 35 34 34 34
-9999 -9999 -9999 -9999 -9999 -9999 -9999 -9999 -9999 -9999 -9999 -9999 -9999 -9999 -9999 -9999 -9999 -9999 -9999 -9999 -9999 -9999 -9999 -9999 -9999 -9999 -9999 -9999 -9999 -9999 -9999 -9999 -9999 -9999 -9999 5 -9999 40 40 40 40 40 40 40 40 40 40 40 40 40 40 40 40 40 40 40 39 39 39 39 38 38 38 38 38 37 37 37 37 -9999 -9999 -9999 -9999 -9999 -9999 35 35 35 34 34 34 34
-9999 -9999 -9999 -9999 -9999 -9999 -9999 -9999 -9999 -9999 -9999 -9999 -9999 -9999 -9999 -9999 -9999 -9999 -9999 -9999 -9999 -9999 -9999 -9999 -9999 -9999 -9999 -9999 -9999 -9999 -9999 -9999 -9999 -9999 -9999 -9999 -9999 40 40 40 40 40 40 40 40 40 40 40 40 40 40 40 40 40 40 40 40 39 39 39 39 38 38 38 38 38 37 37 37 -9999 -9999 -9999 35 -9999 -9999 35 35 34 34 34 34 33
-9999 -9999 -9999 -9999 -9999 -9999 -9999 -9999 -9999 -9999 -9999 -9999 -9999 -9999 -9999 -9999 -9999 -9999 -9999 -9999 -9999 -9999 -9999 -9999 -9999 -9999 -9999 -9999 -9999 -9999 -9999 -9999 -9999 49 51 43 42 40 40 40 40 40 40 40 40 40 40 40 40 40 41 40 40 40 40 40 40 40 39 39 39 38 38 38 38 38 37 37 37 -9999 -9999 -9999 35 -9999 -9999 -9999 34 34 34 34 33 33
-9999 -9999 -9999 -9999 -9999 -9999 -9999 -9999 -9999 -9999 -9999 -9999 -9999 -9999 -9999 -9999 -9999 -9999 -9999 -9999 -9999 -9999 -9999 -9999 -9999 -9999 5 -9999 -9999 -9999 -9999 -9999 -9999 48 46 43 42 -9999 -9999 41 41 40 40 40 41 41 41 41 41 41 41 41 41 41 40 40 40 40 40 39 39 39 39 38 38 38 38 37 37 -9999 -9999 35 35 34 -9999 -9999 -9999 34 33 33 33 32
-9999 -9999 -9999 -9999 -9999 -9999 -9999 -9999 -9999 -9999 -9999 -9999 -9999 -9999 -9999 -9999 -9999 -9999 -9999 -9999 -9999 -9999 -9999 -9999 -9999 -9999 -9999 -9999 -9999 -9999 -9999 -9999 -9999 -9999 43 42 42 42 41 41 41 41 41 41 41 41 41 41 41 41 41 41 41 41 41 41 40 40 40 40 39 39 39 39 38 38 38 37 37 -9999 -9999 35 34 34 -9999 -9999 33 33 33 33 32 32
-9999 -9999 -9999 -9999 -9999 -9999 -9999 -9999 -9999 -9999 -9999 -9999 -9999 -9999 -9999 -9999 -9999 -9999 -9999 -9999 -9999 -9999 -9999 -9999 -9999 -9999 -9999 -9999 -9999 -9999 -9999 -9999 -9999 -9999 -9999 -9999 -9999 42 41 141 141 141 141 41 41 41 41 41 41 41 41 41 41 41 41 41 41 41 40 40 40 39 39 39 38 38 38 37 37 36 35 35 35 34 34 34 33 33 33 32 32 32
-9999 -9999 -9999 -9999 -9999 -9999 -9999 -9999 -9999 -9999 -9999 -9999 -9999 -9999 -9999 -9999 -9999 -9999 -9999 -9999 -9999 -9999 -9999 -9999 -9999 99 -9999 -9999 -9999 -9999 -9999 -9999 -9999 -9999 -9999 -9999 -9999 41 41 141 141 141 141 41 41 141 41 42 42 42 42 42 42 42 42 42 41 41 41 40 40 40 39 39 39 38 38 37 37 36 35 35 34 34 34 33 33 33 32 32 31 31
-9999 -9999 -9999 -9999 -9999 -9999 -9999 -9999 -9999 -9999 -9999 -9999 -9999 -9999 -9999 -9999 -9999 -9999 -9999 -9999 -9999 -9999 -9999 -9999 -9999 99 99 -9999 -9999 -9999 -9999 -9999 -9999 -9999 -9999 -9999 -9999 42 41 141 141 241 241 141 141 42 42 142 42 42 42 42 42 42 42 42 42 42 41 41 40 40 40 39 39 39 38 37 37 36 35 34 34 34 34 33 33 33 32 32 31 31
-9999 -9999 -9999 -9999 -9999 -9999 -9999 -9999 -9999 -9999 -9999 -9999 -9999 -9999 -9999 -9999 -9999 -9999 -9999 -9999 -9999 -9999 -9999 -9999 -9999 99 -9999 -9999 -9999 -9999 -9999 -9999 -9999 -9999 -9999 -9999 -9999 42 42 41 141 141 141 142 42 42 142 142 143 43 43 43 43 42 42 42 42 42 41 41 41 41 40 40 39 39 39 -9999 -9999 -9999 -9999 34 34 34 34 33 33 32 32 32 31 31
-9999 -9999 -9999 -9999 -9999 -9999 -9999 -9999 -9999 -9999 -9999 -9999 -9999 -9999 -9999 -9999 -9999 -9999 -9999 -9999 -9999 -9999 -9999 -9999 -9999 99 -9999 -9999 -9999 -9999 -9999 -9999 -9999 -9999 -9999 -9999 -9999 42 42 42 42 141 142 42 42 42 143 343 443 243 143 143 143 143 143 43 43 42 42 42 41 41 41 40 40 39 39 39 -9999 -9999 -9999 -9999 -9999 -9999 -9999 -9999 -9999 -9999 -9999 -9999 31 31
-9999 -9999 -9999 -9999 -9999 -9999 -9999 -9999 -9999 -9999 -9999 -9999 -9999 -9999 -9999 -9999 -9999 -9999 -9999 -9999 -9999 -9999 -9999 -9999 -9999 299 199 499 200 -9999 -9999 -9999 -9999 -9999 -9999 -9999 42 42 42 42 42 142 142 42 42 42 43 243 543 644 444 344 443 344 244 143 43 43 42 42 42 41 41 40 40 40 39 39 -9999 -9999 -9999 -9999 -9999 -9999 -9999 -9999 -9999 -9999 -9999 -9999 -9999 -9999
-9999 -9999 -9999 -9999 -9999 -9999 -9999 -9999 -9999 -9999 -9999 -9999 -9999 -9999 -9999 -9999 -9999 -9999 -9999 -9999 -9999 -9999 -9999 -9999 -9999 599 499 500 200 -9999 -9999 -9999 -9999 -9999 -9999 -9999 -9999 42 42 -9999 -9999 42 42 -9999 -9999 43 43 43 244 344 344 544 544 544 444 244 44 43 43 42 42 41 41 41 40 -9999 39 -9999 -9999 -9999 -9999 -9999 -9999 -9999 -9999 -9999 -9999 -9999 -9999 -9999 -9999 -9999
-9999 -9999 -9999 -9999 -9999 -9999 -9999 -9999 -9999 -9999 -9999 -9999 -9999 -9999 -9999 -9999 -9999 -9999 -9999 -9999 -9999 -9999 -9999 -9999 -9999 499 500 500 300 100 -9999 -9999 -9999 -9999 -9999 -9999 -9999 42 42 43 43 -9999 -9999 -9999 44 43 44 44 44 44 44 44 244 144 44 44 44 44 43 43 43 42 42 41 -9999 39 39 -9999 -9999 -9999 -9999 -9999 -9999 -9999 -9999 -9999 -9999 -9999 -9999 -9999 -9999 -9999
-9999 -9999 -9999 -9999 -9999 -9999 -9999 -9999 -9999 -9999 -9999 -9999 -9999 -9999 -9999 -9999 -9999 700 700 700 -9999 -9999 -9999 -9999 -9999 500 500 500 300 200 -9999 -9999 -9999 -9999 -9999 -9999 -9999 42 42 43 43 -9999 -9999 -9999 44 44 44 44 44 44 45 45 45 45 45 46 45 45 -9999 44 44 -9999 -9999 -9999 -9999 39 -9999 -9999 -9999 -9999 -9999 -9999 -9999 -9999 -9999 -9999 -9999 -9999 -9999 -9999 -9999 -9999
-9999 -9999 -9999 -9999 -9999 -9999 -9999 -9999 -9999 -9999 -9999 -9999 -9999 -9999 -9999 -9999 -9999 800 700 700 -9999 -9999 -9999 -9999 -9999 500 600 500 300 200 -9999 -9999 -9999 -9999 -9999 -9999 -9999 43 43 43 43 -9999 44 44 44 44 44 44 45 45 45 45 -9999 46 146 46 46 46 46 45 45 48 -9999 -9999 -9999 -9999 -9999 -9999 -9999 -9999 -9999 -9999 -9999 -9999 -9999 -9999 -9999 -9999 -9999 -9999 -9999 -9999
-9999 -9999 -9999 -9999 -9999 -9999 -9999 -9999 -9999 -9999 -9999 -9999 -9999 -9999 -9999 -9999 -9999 900 900 800 300 -9999 -9999 -9999 -9999 500 500 500 400 200 -9999 -9999 -9999 -9999 -9999 -9999 -9999 42 43 43 43 43 44 44 -9999 44 44 45 45 45 46 46 46 146 146 47 47 47 47 -9999 -9999 52 52 -9999 -9999 -9999 -9999 -9999 -9999 -9999 -9999 -9999 -9999 -9999 -9999 -9999 -9999 -9999 -9999 -9999 -9999 -9999
-9999 -9999 -9999 -9999 -9999 -9999 -9999 -9999 -9999 -9999 -9999 -9999 -9999 -9999 -9999 -9999 -9999 200 700 900 500 -9999 -9999 200 500 500 500 500 200 -9999 -9999 -9999 -9999 -9999 -9999 -9999 42 42 43 643 743 443 644 644 644 844 645 45 45 46 46 47 47 147 147 47 48 48 49 52 52 52 53 -9999 -9999 -9999 -9999 -9999 -9999 -9999 -9999 -9999 -9999 -9999 -9999 -9999 -9999 -9999 -9999 -9999 -9999 -9999
-9999 -9999 -9999 -9999 -9999 -9999 -9999 -9999 -9999 -9999 -9999 -9999 -9999 -9999 -9999 -9999 -9999 -9999 -9999 -9999 -9999 -9999 -9999 200 200 600 600 500 200 -9999 -9999 -9999 -9999 -9999 -9999 -9999 -9999 41 42 743 1143 1043 1044 944 944 1044 745 45 46 46 47 47 48 48 148 49 50 49 51 52 53 53 53 -9999 -9999 -9999 -9999 -9999 -9999 -9999 -9999 -9999 -9999 -9999 -9999 -9999 -9999 -9999 -9999 -9999 -9999 -9999
-9999 -9999 -9999 -9999 -9999 -9999 -9999 -9999 -9999 -9999 -9999 -9999 -9999 -9999 -9999 -9999 -9999 -9999 -9999 -9999 -9999 -9999 -9999 100 200 500 600 500 200 -9999 -9999 -9999 -9999 -9999 -9999 -9999 40 40 42 242 743 843 843 744 144 345 645 46 47 48 48 48 49 49 49 50 51 51 52 -9999 53 54 54 -9999 -9999 -9999 -9999 -9999 -9999 -9999 -9999 -9999 -9999 -9999 -9999 -9999 -9999 -9999 -9999 -9999 -9999 -9999
-9999 -9999 -9999 -9999 -9999 -9999 -9999 -9999 -9999 -9999 -9999 -9999 -9999 -9999 -9999 -9999 -9999 -9999 -9999 -9999 -9999 -9999 -9999 -9999 -9999 600 600 600 200 15 -9999 -9999 -9999 -9999 -9999 -9999 40 40 41 42 42 43 43 43 45 45 46 48 49 51 51 51 151 52 52 53 53 53 54 -9999 55 55 55 -9999 -9999 -9999 -9999 -9999 -9999 -9999 -9999 -9999 -9999 -9999 -9999 -9999 -9999 -9999 -9999 -9999 -9999 -9999
-9999 -9999 -9999 -9999 -9999 -9999 -9999 -9999 -9999 -9999 -9999 -9999 -9999 -9999 -9999 -9999 -9999 -9999 -9999 -9999 -9999 -9999 -9999 -9999 -9999 500 600 500 201 22 7 19 26 31 34 35 38 40 40 41 42 42 -9999 -9999 -9999 47 50 51 51 52 51 52 53 52 53 53 54 54 55 55 55 57 57 57 57 57 56 -9999 -9999 -9999 -9999 -9999 -9999 -9999 -9999 -9999 -9999 -9999 -9999 -9999 -9999 38
-9999 -9999 -9999 -9999 -9999 -9999 -9999 -9999 -9999 -9999 -9999 -9999 -9999 -9999 -9999 -9999 -9999 -9999 -9999 -9999 -9999 -9999 -9999 -9999 -9999 600 500 500 301 9 7 19 26 31 34 35 38 38 39 40 42 43 47 47 47 48 51 53 54 54 55 55 56 56 57 57 57 56 56 56 -9999 58 57 57 57 57 56 55 54 54 53 52 51 49 48 46 45 45 -9999 -9999 -9999 38
-9999 -9999 -9999 -9999 -9999 -9999 -9999 -9999 -9999 -9999 -9999 -9999 -9999 -9999 -9999 -9999 -9999 -9999 -9999 -9999 -9999 -9999 -9999 -9999 -9999 300 300 400 101 -9999 9 21 26 30 34 34 37 37 38 41 44 47 48 -9999 -9999 -9999 54 54 55 55 56 57 57 58 58 58 58 58 59 59 59 59 58 58 57 57 56 56 55 54 53 52 51 49 47 46 45 44 43 42 41 39
-9999 -9999 -9999 -9999 -9999 -9999 -9999 -9999 -9999 -9999 -9999 -9999 -9999 -9999 -9999 -9999 -9999 -9999 -9999 -9999 -9999 -9999 -9999 -9999 -9999 -9999 -9999 401 101 -9999 16 22 25 29 33 34 35 37 38 42 46 50 51 54 56 57 56 56 58 58 58 59 59 60 59 59 59 61 60 60 61 60 59 58 57 57 56 56 55 54 53 52 50 49 48 46 44 44 43 42 41 39
-9999 -9999 -9999 -9999 -9999 -9999 -9999 -9999 -9999 -9999 -9999 -9999 -9999 -9999 -9999 -9999 -9999 -9999 -9999 -9999 -9999 -9999 -9999 -9999 -9999 100 -9999 501 201 5 18 22 24 28 31 34 35 36 39 44 48 51 52 55 57 58 58 58 59 60 60 60 61 60 61 61 62 64 64 63 63 62 60 59 58 58 57 56 55 54 53 53 -9999 48 47 46 45 44 43 42 40 38
-9999 -9999 -9999 -9999 -9999 -9999 -9999 -9999 -9999 -9999 -9999 -9999 -9999 -9999 -9999 -9999 -9999 -9999 -9999 -9999 -9999 -9999 -9999 -9999 -9999 100 -9999 501 11 5 17 21 24 27 30 32 34 35 40 45 49 52 53 56 58 59 60 60 62 62 62 62 62 62 63 64 64 65 66 66 64 62 61 61 60 58 58 57 56 55 54 52 50 49 47 46 45 44 42 41 39 38
-9999 -9999 -9999 -9999 -9999 -9999 -9999 -9999 -9999 -9999 -9999 -9999 -9999 -9999 -9999 -9999 -9999 -9999 -9999 -9999 -9999 -9999 -9999 -9999 -9999 400 400 500 -9999 -9999 15 19 23 25 25 29 33 37 41 48 50 53 55 57 59 59 61 62 62 63 63 64 65 65 66 67 168 165 68 67 66 65 62 62 61 59 58 57 56 55 54 52 51 49 47 46 45 44 42 40 38 38
-9999 -9999 -9999 -9999 -9999 -9999 -9999 -9999 -9999 -9999 -9999 -9999 -9999 -9999 -9999 -9999 -9999 -9999 -9999 -9999 -9999 -9999 -9999 -9999 -9999 500 500 400 -9999 105 7 7 -9999 -9999 11 19 30 36 41 49 52 53 56 58 60 62 64 66 65 65 65 166 166 168 68 68 166 168 168 171 167 66 66 64 62 60 58 57 56 55 54 53 51 49 48 47 45 44 42 40 38 37
-9999 -9999 -9999 -9999 -9999 -9999 -9999 -9999 -9999 -9999 -9999 -9999 -9999 -9999 -9999 -9999 -9999 -9999 -9999 -9999 -9999 -9999 -9999 -9999 -9999 600 500 200 -9999 -9999 -9999 12 111 25 37 11 28 36 39 -9999 53 55 56 58 62 65 67 68 69 68 67 167 68 71 71 70 70 169 169 368 169 166 365 362 166 60 59 58 57 55 54 53 51 49 48 47 45 43 41 39 37 36
-9999 -9999 -9999 -9999 -9999 -9999 -9999 -9999 -9999 -9999 -9999 -9999 -9999 -9999 -9999 -9999 -9999 -9999 -9999 -9999 -9999 -9999 -9999 -9999 -9999 -9999 500 101 -9999 209 408 609 612 309 -9999 12 29 37 40 43 -9999 55 56 60 68 70 71 73 73 74 -9999 -9999 -9999 78 78 78 -9999 -9999 166 173 168 168 364 365 263 163 61 58 56 156 55 153 50 48 48 47 45 42 40 39 37 35
