1D-2D result/1D-2D/RTR/30yr_max_wDepth.asc
ncols         157
nrows         207
xllcorner     42854.265930178
yllcorner     227397.95507813
cellsize      30
NODATA_VALUE  -9999
[rows 148 to 184 of 207, columns 0 to 82 of 157]
-9999 -9999 -9999 -9999 -9999 -9999 -9999 -9999 -9999 -9999 -9999 -9999 -9999 -9999 -9999 -9999 -9999 -9999 -9999 -9999 -9999 -9999 -9999 -9999 -9999 -9999 -9999 -9999 105 -9999 -9999 -9999 8 7 6 -9999 47 47 46 47 46 46 46 46 46 46 46 46 46 46 46 47 47 46 46 46 46 -9999 45 45 46 45 46 -9999 -9999 344 144 44 44 45 45 -9999 45 45 44 44 44 44 44 44 44 44 44
-9999 -9999 -9999 -9999 -9999 -9999 -9999 -9999 -9999 -9999 -9999 -9999 -9999 -9999 -9999 -9999 -9999 -9999 -9999 -9999 -9999 -9999 -9999 -9999 -9999 -9999 -9999 5 105 5 -9999 -9999 8 7 6 5 -9999 -9999 46 46 46 46 46 46 46 46 46 46 46 46 46 46 46 46 46 46 46 -9999 45 -9999 -9999 45 -9999 -9999 -9999 344 144 44 44 44 -9999 -9999 44 44 44 44 44 43 43 43 44 44 44
-9999 -9999 -9999 -9999 -9999 -9999 -9999 -9999 -9999 -9999 -9999 -9999 -9999 -9999 -9999 -9999 -9999 -9999 -9999 -9999 -9999 -9999 -9999 -9999 -9999 -9999 -9999 5 105 5 -9999 -9999 -9999 6 5 5 -9999 47 47 47 46 46 46 46 46 46 46 46 46 46 46 46 46 46 46 46 46 -9999 45 45 45 45 45 -9999 -9999 344 244 44 44 44 44 44 44 44 44 43 43 43 43 43 43 43 44
-9999 -9999 -9999 -9999 -9999 -9999 -9999 -9999 -9999 -9999 -9999 -9999 -9999 -9999 -9999 -9999 -9999 -9999 -9999 -9999 -9999 -9999 -9999 -9999 -9999 -9999 -9999 -9999 10 5 -9999 -9999 7 6 6 5 -9999 47 47 47 47 47 46 46 46 46 46 46 46 46 46 46 46 46 46 46 46 45 45 45 45 45 44 44 44 344 244 44 44 -9999 -9999 44 44 44 43 43 43 43 43 43 43 43 -9999
-9999 -9999 -9999 -9999 -9999 -9999 -9999 -9999 -9999 -9999 -9999 -9999 -9999 -9999 -9999 -9999 -9999 -9999 -9999 -9999 -9999 -9999 -9999 -9999 -9999 -9999 -9999 -9999 -9999 -9999 -9999 -9999 8 6 6 -9999 -9999 47 47 47 47 47 47 46 46 46 47 47 47 47 47 46 46 46 46 46 46 46 45 45 45 45 45 44 44 144 144 44 44 -9999 44 -9999 44 -9999 43 43 43 43 42 42 42 -9999 -9999
-9999 -9999 -9999 -9999 -9999 -9999 -9999 -9999 -9999 -9999 -9999 -9999 -9999 -9999 -9999 -9999 -9999 -9999 -9999 -9999 -9999 -9999 -9999 -9999 -9999 -9999 -9999 -9999 -9999 -9999 -9999 -9999 7 6 6 7 -9999 47 47 47 47 47 47 47 47 47 47 47 47 47 47 47 47 46 46 46 46 46 -9999 45 45 45 45 44 44 44 44 44 44 -9999 44 44 44 -9999 43 43 42 42 42 41 41 41 -9999
-9999 -9999 -9999 -9999 -9999 -9999 -9999 -9999 -9999 -9999 -9999 -9999 -9999 -9999 -9999 -9999 -9999 -9999 -9999 -9999 -9999 -9999 -9999 -9999 -9999 -9999 -9999 -9999 -9999 99 -9999 -9999 5 6 6 8 -9999 48 47 47 47 47 47 47 47 47 47 47 47 47 47 47 47 47 46 46 46 46 -9999 45 45 45 45 45 44 44 44 44 44 -9999 -9999 -9999 44 -9999 43 42 42 41 41 41 40 40 40
-9999 -9999 -9999 -9999 -9999 -9999 -9999 -9999 -9999 -9999 -9999 -9999 -9999 -9999 -9999 -9999 -9999 -9999 -9999 -9999 -9999 -9999 -9999 -9999 -9999 -9999 -9999 -9999 -9999 -9999 -9999 -9999 -9999 -9999 5 5 -9999 48 48 48 47 47 47 47 47 47 47 47 47 47 47 47 47 47 47 47 46 46 46 46 45 45 45 45 45 44 44 44 44 -9999 -9999 -9999 -9999 -9999 -9999 41 41 41 41 40 40 40 39
-9999 -9999 -9999 -9999 -9999 -9999 -9999 -9999 -9999 -9999 -9999 -9999 -9999 -9999 -9999 -9999 -9999 -9999 -9999 -9999 -9999 -9999 -9999 -9999 -9999 -9999 -9999 -9999 -9999 -9999 -9999 -9999 -9999 -9999 -9999 -9999 -9999 49 48 48 48 48 47 47 47 47 47 48 48 48 48 47 47 47 47 47 47 46 46 46 46 45 45 45 45 45 44 44 44 -9999 -9999 -9999 41 -9999 -9999 41 41 41 40 40 40 39 39
-9999 -9999 -9999 -9999 -9999 -9999 -9999 -9999 -9999 -9999 -9999 -9999 -9999 -9999 -9999 -9999 -9999 -9999 -9999 -9999 -9999 -9999 -9999 -9999 -9999 -9999 -9999 -9999 -9999 -9999 -9999 -9999 -9999 51 52 51 50 49 48 48 48 48 48 48 48 48 48 48 48 48 48 48 47 47 47 47 47 47 46 46 46 46 45 45 45 45 44 44 44 -9999 -9999 -9999 41 -9999 -9999 -9999 41 40 40 39 39 39 39
-9999 -9999 -9999 -9999 -9999 -9999 -9999 -9999 -9999 -9999 -9999 -9999 -9999 -9999 -9999 -9999 -9999 -9999 -9999 -9999 -9999 -9999 -9999 -9999 -9999 -9999 5 -9999 -9999 -9999 -9999 -9999 -9999 51 51 50 50 -9999 -9999 48 48 48 48 48 48 48 48 48 48 48 48 48 48 48 47 47 47 47 47 46 46 46 46 45 45 45 44 44 44 -9999 -9999 41 41 40 -9999 -9999 -9999 39 39 39 38 38 38
-9999 -9999 -9999 -9999 -9999 -9999 -9999 -9999 -9999 -9999 -9999 -9999 -9999 -9999 -9999 -9999 -9999 -9999 -9999 -9999 -9999 -9999 -9999 -9999 -9999 -9999 -9999 -9999 -9999 -9999 -9999 -9999 -9999 -9999 50 50 50 49 49 49 48 48 48 48 48 48 48 48 48 48 48 48 48 48 48 48 48 47 47 47 46 46 46 45 45 45 44 44 44 -9999 -9999 41 41 40 -9999 -9999 39 39 39 39 38 38 37
-9999 -9999 -9999 -9999 -9999 -9999 -9999 -9999 -9999 -9999 -9999 -9999 -9999 -9999 -9999 -9999 -9999 -9999 -9999 -9999 -9999 -9999 -9999 -9999 -9999 -9999 -9999 -9999 -9999 -9999 -9999 -9999 -9999 -9999 -9999 -9999 -9999 49 49 148 148 148 148 48 48 48 48 48 48 49 48 48 48 48 48 48 48 47 47 47 47 46 46 46 45 45 44 44 43 42 41 41 40 40 40 39 39 39 39 38 38 37 36
-9999 -9999 -9999 -9999 -9999 -9999 -9999 -9999 -9999 -9999 -9999 -9999 -9999 -9999 -9999 -9999 -9999 -9999 -9999 -9999 -9999 -9999 -9999 -9999 -9999 99 -9999 -9999 -9999 -9999 -9999 -9999 -9999 -9999 -9999 -9999 -9999 49 49 148 148 148 148 48 48 148 49 49 49 49 49 49 49 49 48 48 48 48 48 47 47 47 46 46 45 45 44 44 43 42 41 41 40 40 40 39 39 39 38 38 37 37 36
-9999 -9999 -9999 -9999 -9999 -9999 -9999 -9999 -9999 -9999 -9999 -9999 -9999 -9999 -9999 -9999 -9999 -9999 -9999 -9999 -9999 -9999 -9999 -9999 -9999 99 99 -9999 -9999 -9999 -9999 -9999 -9999 -9999 -9999 -9999 -9999 49 48 148 148 248 248 148 149 49 49 149 49 49 49 49 49 49 49 49 49 48 48 48 47 47 46 46 46 45 45 44 42 42 41 40 40 40 39 39 39 38 38 38 37 36 35
-9999 -9999 -9999 -9999 -9999 -9999 -9999 -9999 -9999 -9999 -9999 -9999 -9999 -9999 -9999 -9999 -9999 -9999 -9999 -9999 -9999 -9999 -9999 -9999 -9999 99 -9999 -9999 -9999 -9999 -9999 -9999 -9999 -9999 -9999 -9999 -9999 48 48 48 148 148 149 149 49 49 149 149 149 49 49 49 49 49 50 49 49 49 48 48 47 47 47 46 46 46 45 -9999 -9999 -9999 -9999 40 40 40 39 39 39 38 38 37 36 36 35
-9999 -9999 -9999 -9999 -9999 -9999 -9999 -9999 -9999 -9999 -9999 -9999 -9999 -9999 -9999 -9999 -9999 -9999 -9999 -9999 -9999 -9999 -9999 -9999 -9999 99 -9999 -9999 -9999 -9999 -9999 -9999 -9999 -9999 -9999 -9999 -9999 48 48 48 48 149 149 49 49 49 149 349 450 250 150 150 150 150 150 50 49 49 49 48 48 47 47 47 46 46 46 46 -9999 -9999 -9999 -9999 -9999 -9999 -9999 -9999 -9999 -9999 -9999 -9999 36 36 -9999
-9999 -9999 -9999 -9999 -9999 -9999 -9999 -9999 -9999 -9999 -9999 -9999 -9999 -9999 -9999 -9999 -9999 -9999 -9999 -9999 -9999 -9999 -9999 -9999 -9999 299 199 500 200 -9999 -9999 -9999 -9999 -9999 -9999 -9999 48 49 49 48 49 149 149 49 49 49 49 250 550 650 450 350 450 350 250 150 49 49 49 49 48 48 48 47 47 46 46 46 -9999 -9999 -9999 -9999 -9999 -9999 -9999 -9999 -9999 -9999 -9999 -9999 -9999 -9999 -9999
-9999 -9999 -9999 -9999 -9999 -9999 -9999 -9999 -9999 -9999 -9999 -9999 -9999 -9999 -9999 -9999 -9999 -9999 -9999 -9999 -9999 -9999 -9999 -9999 -9999 599 500 500 200 -9999 -9999 -9999 -9999 -9999 -9999 -9999 -9999 48 49 -9999 -9999 49 49 -9999 -9999 50 50 50 250 350 350 550 550 550 450 250 50 50 50 49 49 49 48 47 47 -9999 46 -9999 -9999 -9999 -9999 -9999 -9999 -9999 -9999 -9999 -9999 -9999 -9999 -9999 -9999 -9999 -9999
-9999 -9999 -9999 -9999 -9999 -9999 -9999 -9999 -9999 -9999 -9999 -9999 -9999 -9999 -9999 -9999 -9999 -9999 -9999 -9999 -9999 -9999 -9999 -9999 -9999 500 500 500 300 100 -9999 -9999 -9999 -9999 -9999 -9999 -9999 48 48 49 49 -9999 -9999 -9999 50 50 50 50 50 50 51 51 251 151 51 51 51 50 50 50 49 49 48 48 -9999 46 46 -9999 -9999 -9999 -9999 -9999 -9999 -9999 -9999 -9999 -9999 -9999 -9999 -9999 -9999 -9999 -9999
-9999 -9999 -9999 -9999 -9999 -9999 -9999 -9999 -9999 -9999 -9999 -9999 -9999 -9999 -9999 -9999 -9999 700 700 700 -9999 -9999 -9999 -9999 -9999 500 500 500 300 200 -9999 -9999 -9999 -9999 -9999 -9999 -9999 48 48 48 49 -9999 -9999 -9999 50 50 50 50 50 51 51 51 51 51 52 52 51 51 -9999 50 50 -9999 -9999 -9999 -9999 46 -9999 -9999 -9999 -9999 -9999 -9999 -9999 -9999 -9999 -9999 -9999 -9999 -9999 -9999 -9999 -9999 -9999
-9999 -9999 -9999 -9999 -9999 -9999 -9999 -9999 -9999 -9999 -9999 -9999 -9999 -9999 -9999 -9999 -9999 800 700 700 -9999 -9999 -9999 -9999 -9999 500 600 500 300 200 -9999 -9999 -9999 -9999 -9999 -9999 -9999 48 48 48 49 -9999 49 50 50 50 50 50 51 51 51 51 -9999 52 152 52 52 52 52 51 51 54 -9999 -9999 -9999 -9999 -9999 -9999 -9999 -9999 -9999 -9999 -9999 -9999 -9999 -9999 -9999 -9999 -9999 -9999 -9999 -9999 -9999
-9999 -9999 -9999 -9999 -9999 -9999 -9999 -9999 -9999 -9999 -9999 -9999 -9999 -9999 -9999 -9999 -9999 900 900 800 300 -9999 -9999 -9999 -9999 500 500 500 400 200 -9999 -9999 -9999 -9999 -9999 -9999 -9999 48 48 48 49 49 49 49 -9999 50 50 51 51 51 51 52 52 153 154 53 53 54 54 -9999 -9999 57 59 -9999 -9999 -9999 -9999 -9999 -9999 -9999 -9999 -9999 -9999 -9999 -9999 -9999 -9999 -9999 -9999 -9999 -9999 -9999 -9999
-9999 -9999 -9999 -9999 -9999 -9999 -9999 -9999 -9999 -9999 -9999 -9999 -9999 -9999 -9999 -9999 -9999 200 700 900 500 -9999 -9999 200 500 500 500 500 200 -9999 -9999 -9999 -9999 -9999 -9999 -9999 47 48 48 649 749 449 649 649 650 850 651 51 51 52 53 53 53 154 154 54 54 54 57 58 59 59 60 -9999 -9999 -9999 -9999 -9999 -9999 -9999 -9999 -9999 -9999 -9999 -9999 -9999 -9999 -9999 -9999 -9999 -9999 -9999 -9999
-9999 -9999 -9999 -9999 -9999 -9999 -9999 -9999 -9999 -9999 -9999 -9999 -9999 -9999 -9999 -9999 -9999 -9999 -9999 -9999 -9999 -9999 -9999 200 200 600 600 500 200 -9999 -9999 -9999 -9999 -9999 -9999 -9999 -9999 47 48 748 1148 1049 1049 950 950 1051 752 52 53 54 55 55 56 56 156 56 56 57 59 59 60 60 60 -9999 -9999 -9999 -9999 -9999 -9999 -9999 -9999 -9999 -9999 -9999 -9999 -9999 -9999 -9999 -9999 -9999 -9999 -9999 -9999
-9999 -9999 -9999 -9999 -9999 -9999 -9999 -9999 -9999 -9999 -9999 -9999 -9999 -9999 -9999 -9999 -9999 -9999 -9999 -9999 -9999 -9999 -9999 100 200 500 600 500 200 -9999 -9999 -9999 -9999 -9999 -9999 -9999 46 46 47 248 748 849 849 750 151 352 652 54 55 56 56 57 57 57 57 57 58 59 60 -9999 60 61 61 -9999 -9999 -9999 -9999 -9999 -9999 -9999 -9999 -9999 -9999 -9999 -9999 -9999 -9999 -9999 -9999 -9999 -9999 -9999 -9999
-9999 -9999 -9999 -9999 -9999 -9999 -9999 -9999 -9999 -9999 -9999 -9999 -9999 -9999 -9999 -9999 -9999 -9999 -9999 -9999 -9999 -9999 -9999 -9999 -9999 600 600 600 200 17 -9999 -9999 -9999 -9999 -9999 -9999 45 46 47 48 48 48 50 50 51 52 54 56 57 57 58 59 159 60 60 60 61 61 61 -9999 61 62 62 -9999 -9999 -9999 -9999 -9999 -9999 -9999 -9999 -9999 -9999 -9999 -9999 -9999 -9999 -9999 -9999 -9999 -9999 -9999 -9999
-9999 -9999 -9999 -9999 -9999 -9999 -9999 -9999 -9999 -9999 -9999 -9999 -9999 -9999 -9999 -9999 -9999 -9999 -9999 -9999 -9999 -9999 -9999 -9999 -9999 500 600 500 201 25 8 22 31 36 40 43 44 46 46 48 49 49 -9999 -9999 -9999 54 56 57 58 59 59 61 60 60 61 60 61 61 62 63 62 62 62 63 63 63 62 -9999 -9999 -9999 -9999 -9999 -9999 -9999 -9999 -9999 -9999 -9999 -9999 -9999 -9999 43 -9999
-9999 -9999 -9999 -9999 -9999 -9999 -9999 -9999 -9999 -9999 -9999 -9999 -9999 -9999 -9999 -9999 -9999 -9999 -9999 -9999 -9999 -9999 -9999 -9999 -9999 600 500 500 301 10 8 22 30 36 40 42 43 45 46 48 49 51 54 55 56 56 58 60 61 61 62 61 63 63 62 65 62 63 64 64 -9999 64 64 63 63 63 61 61 60 59 59 58 57 56 54 52 51 51 -9999 -9999 -9999 43 -9999
-9999 -9999 -9999 -9999 -9999 -9999 -9999 -9999 -9999 -9999 -9999 -9999 -9999 -9999 -9999 -9999 -9999 -9999 -9999 -9999 -9999 -9999 -9999 -9999 -9999 300 300 401 101 5 11 24 30 36 39 41 42 44 45 48 51 54 55 -9999 -9999 -9999 61 61 62 64 64 63 63 63 63 64 65 66 66 66 65 64 64 64 63 62 61 60 60 59 59 58 58 55 54 52 51 50 49 47 46 43 40
-9999 -9999 -9999 -9999 -9999 -9999 -9999 -9999 -9999 -9999 -9999 -9999 -9999 -9999 -9999 -9999 -9999 -9999 -9999 -9999 -9999 -9999 -9999 -9999 -9999 -9999 -9999 401 101 -9999 18 25 29 35 38 40 41 43 45 49 53 56 58 61 63 64 63 64 64 65 65 65 65 66 66 66 68 68 68 66 67 66 65 64 64 63 62 61 61 60 59 58 57 55 54 52 50 49 49 47 46 44 40
-9999 -9999 -9999 -9999 -9999 -9999 -9999 -9999 -9999 -9999 -9999 -9999 -9999 -9999 -9999 -9999 -9999 -9999 -9999 -9999 -9999 -9999 -9999 -9999 -9999 100 -9999 501 202 6 21 25 28 33 36 39 41 44 45 49 54 57 59 61 63 65 65 66 67 67 67 67 68 68 68 68 68 70 69 68 68 67 66 65 64 63 63 62 61 60 59 59 -9999 54 53 52 50 50 48 47 46 43 41
-9999 -9999 -9999 -9999 -9999 -9999 -9999 -9999 -9999 -9999 -9999 -9999 -9999 -9999 -9999 -9999 -9999 -9999 -9999 -9999 -9999 -9999 -9999 -9999 -9999 100 -9999 501 13 6 20 25 28 32 35 38 39 44 45 51 56 58 60 62 64 66 67 67 68 69 69 69 70 71 71 71 71 66 69 70 69 68 67 66 65 64 63 62 61 60 59 59 57 55 53 52 51 49 48 47 44 43 41
-9999 -9999 -9999 -9999 -9999 -9999 -9999 -9999 -9999 -9999 -9999 -9999 -9999 -9999 -9999 -9999 -9999 -9999 -9999 -9999 -9999 -9999 -9999 -9999 -9999 400 400 500 -9999 -9999 18 22 28 30 30 34 39 43 46 53 58 59 62 64 66 68 69 69 69 70 70 71 71 72 73 74 173 173 71 70 71 70 69 68 67 65 63 62 61 61 60 59 58 56 54 52 51 49 47 46 44 42 41
-9999 -9999 -9999 -9999 -9999 -9999 -9999 -9999 -9999 -9999 -9999 -9999 -9999 -9999 -9999 -9999 -9999 -9999 -9999 -9999 -9999 -9999 -9999 -9999 -9999 500 500 400 -9999 106 9 9 -9999 -9999 14 23 34 41 46 55 58 60 62 64 66 68 70 71 71 71 72 173 173 175 76 75 172 174 175 176 174 71 70 69 69 67 64 63 61 60 59 59 58 56 54 53 51 49 47 45 43 42 41
-9999 -9999 -9999 -9999 -9999 -9999 -9999 -9999 -9999 -9999 -9999 -9999 -9999 -9999 -9999 -9999 -9999 -9999 -9999 -9999 -9999 -9999 -9999 -9999 -9999 600 500 201 -9999 -9999 -9999 29 121 35 45 13 32 40 44 -9999 59 60 62 65 68 72 73 74 74 74 73 174 74 78 79 77 73 177 177 373 176 177 373 370 169 68 66 64 62 60 59 59 58 55 54 53 51 49 47 45 42 41 39
-9999 -9999 -9999 -9999 -9999 -9999 -9999 -9999 -9999 -9999 -9999 -9999 -9999 -9999 -9999 -9999 -9999 -9999 -9999 -9999 -9999 -9999 -9999 -9999 -9999 -9999 501 101 9 221 418 628 623 331 5 14 33 41 45 47 -9999 62 64 67 73 75 76 78 79 79 -9999 -9999 -9999 85 84 84 -9999 -9999 180 173 177 174 372 369 272 168 66 65 63 162 60 159 57 55 53 53 51 48 47 45 42 41 39
