1D-2D result/1D-2D/RTR/50yr_max_wDepth.asc
ncols         157
nrows         207
xllcorner     42854.265930178
yllcorner     227397.95507813
cellsize      30
NODATA_VALUE  -9999
[rows 148 to 184 of 207, columns 0 to 82 of 157]
-9999 -9999 -9999 -9999 -9999 -9999 -9999 -9999 -9999 -9999 -9999 -9999 -9999 -9999 -9999 -9999 -9999 -9999 -9999 -9999 -9999 -9999 -9999 -9999 -9999 -9999 -9999 6 106 6 -9999 -9999 9 8 7 -9999 55 55 55 55 55 55 55 54 54 54 54 54 54 54 54 54 54 54 54 54 54 -9999 53 53 53 53 53 -9999 -9999 352 152 52 52 52 52 -9999 53 52 52 52 52 52 52 52 52 52 52
-9999 -9999 -9999 -9999 -9999 -9999 -9999 -9999 -9999 -9999 -9999 -9999 -9999 -9999 -9999 -9999 -9999 -9999 -9999 -9999 -9999 -9999 -9999 -9999 -9999 -9999 -9999 6 106 6 -9999 -9999 9 8 6 5 -9999 -9999 55 55 55 55 55 55 55 54 54 54 54 54 54 54 54 54 54 54 54 -9999 53 -9999 -9999 53 -9999 -9999 -9999 352 152 52 52 52 -9999 -9999 52 52 52 52 51 51 51 51 51 52 52
-9999 -9999 -9999 -9999 -9999 -9999 -9999 -9999 -9999 -9999 -9999 -9999 -9999 -9999 -9999 -9999 -9999 -9999 -9999 -9999 -9999 -9999 -9999 -9999 -9999 -9999 -9999 7 107 6 5 -9999 -9999 7 6 5 -9999 56 55 55 55 55 55 55 55 55 55 55 55 55 55 54 54 54 54 54 54 -9999 53 53 53 53 53 -9999 -9999 352 252 52 52 52 52 52 52 52 51 51 51 51 51 51 51 51 52
-9999 -9999 -9999 -9999 -9999 -9999 -9999 -9999 -9999 -9999 -9999 -9999 -9999 -9999 -9999 -9999 -9999 -9999 -9999 -9999 -9999 -9999 -9999 -9999 -9999 -9999 -9999 -9999 12 6 5 -9999 9 7 6 6 -9999 56 56 55 55 55 55 55 55 55 55 55 55 55 55 55 54 54 54 54 54 54 53 53 53 53 53 52 52 352 252 52 52 -9999 -9999 52 52 52 51 51 51 51 50 50 50 51 -9999
-9999 -9999 -9999 -9999 -9999 -9999 -9999 -9999 -9999 -9999 -9999 -9999 -9999 -9999 -9999 -9999 -9999 -9999 -9999 -9999 -9999 -9999 -9999 -9999 -9999 -9999 -9999 -9999 -9999 -9999 -9999 -9999 9 7 6 -9999 -9999 56 56 56 55 55 55 55 55 55 55 55 55 55 55 55 55 54 54 54 54 54 53 53 53 53 53 53 52 152 152 52 52 -9999 51 -9999 52 -9999 51 50 50 50 50 50 50 -9999 -9999
-9999 -9999 -9999 -9999 -9999 -9999 -9999 -9999 -9999 -9999 -9999 -9999 -9999 -9999 -9999 -9999 -9999 -9999 -9999 -9999 -9999 -9999 -9999 -9999 -9999 -9999 -9999 -9999 -9999 -9999 -9999 -9999 8 7 7 7 -9999 56 56 56 56 56 55 55 55 55 55 55 55 55 55 55 55 55 54 54 54 54 -9999 53 53 53 53 53 52 52 52 52 52 -9999 52 52 52 -9999 50 50 50 49 49 49 49 48 -9999
-9999 -9999 -9999 -9999 -9999 -9999 -9999 -9999 -9999 -9999 -9999 -9999 -9999 -9999 -9999 -9999 -9999 -9999 -9999 -9999 -9999 -9999 -9999 -9999 -9999 -9999 -9999 -9999 -9999 101 -9999 -9999 6 6 7 8 -9999 56 56 56 56 56 56 55 55 55 55 55 55 55 55 55 55 55 55 54 54 54 -9999 53 53 53 53 53 53 52 52 52 52 -9999 -9999 -9999 52 -9999 50 50 49 49 49 48 48 47 47
-9999 -9999 -9999 -9999 -9999 -9999 -9999 -9999 -9999 -9999 -9999 -9999 -9999 -9999 -9999 -9999 -9999 -9999 -9999 -9999 -9999 -9999 -9999 -9999 -9999 -9999 -9999 -9999 -9999 -9999 -9999 5 5 5 5 5 -9999 56 56 56 56 56 56 56 55 55 55 55 55 55 55 55 55 55 55 55 54 54 54 54 54 53 53 53 53 53 52 52 52 -9999 -9999 -9999 -9999 -9999 -9999 49 49 49 48 48 47 47 47
-9999 -9999 -9999 -9999 -9999 -9999 -9999 -9999 -9999 -9999 -9999 -9999 -9999 -9999 -9999 -9999 -9999 -9999 -9999 -9999 -9999 -9999 -9999 -9999 -9999 -9999 -9999 -9999 -9999 -9999 -9999 -9999 -9999 -9999 -9999 -9999 -9999 57 57 56 56 56 56 56 56 56 56 56 56 56 55 55 55 55 55 55 54 54 54 54 54 54 53 53 53 53 52 52 52 -9999 -9999 -9999 48 -9999 -9999 48 48 48 48 47 47 46 46
-9999 -9999 -9999 -9999 -9999 -9999 -9999 -9999 -9999 -9999 -9999 -9999 -9999 -9999 -9999 -9999 -9999 -9999 -9999 -9999 -9999 -9999 -9999 -9999 -9999 -9999 -9999 -9999 -9999 -9999 -9999 -9999 -9999 60 60 59 59 57 57 57 56 56 56 56 56 56 56 56 56 56 56 56 56 55 55 55 55 54 54 54 54 54 53 53 53 53 52 52 52 -9999 -9999 -9999 48 -9999 -9999 -9999 47 47 47 47 46 46 45
-9999 -9999 -9999 -9999 -9999 -9999 -9999 -9999 -9999 -9999 -9999 -9999 -9999 -9999 -9999 -9999 -9999 -9999 -9999 -9999 -9999 -9999 -9999 -9999 -9999 -9999 6 -9999 -9999 -9999 -9999 -9999 -9999 59 59 58 58 -9999 -9999 57 56 56 56 56 56 56 56 56 56 56 56 56 56 56 55 55 55 55 54 54 54 54 53 53 53 53 52 52 52 -9999 -9999 48 48 48 -9999 -9999 -9999 47 46 46 45 45 45
-9999 -9999 -9999 -9999 -9999 -9999 -9999 -9999 -9999 -9999 -9999 -9999 -9999 -9999 -9999 -9999 -9999 -9999 -9999 -9999 -9999 -9999 -9999 -9999 -9999 -9999 -9999 -9999 -9999 -9999 -9999 -9999 -9999 -9999 59 58 58 57 57 57 57 56 56 56 56 56 56 56 56 56 56 56 56 56 56 55 55 55 55 55 54 54 54 53 53 53 52 52 51 -9999 -9999 48 48 47 -9999 -9999 46 46 46 45 45 45 44
-9999 -9999 -9999 -9999 -9999 -9999 -9999 -9999 -9999 -9999 -9999 -9999 -9999 -9999 -9999 -9999 -9999 -9999 -9999 -9999 -9999 -9999 -9999 -9999 -9999 -9999 -9999 -9999 -9999 -9999 -9999 -9999 -9999 -9999 -9999 -9999 -9999 57 57 157 157 156 156 56 56 56 56 56 56 56 56 56 56 56 56 56 55 55 55 55 54 54 54 53 53 53 52 51 51 50 49 48 48 47 47 46 46 46 45 45 44 44 43
-9999 -9999 -9999 -9999 -9999 -9999 -9999 -9999 -9999 -9999 -9999 -9999 -9999 -9999 -9999 -9999 -9999 -9999 -9999 -9999 -9999 -9999 -9999 -9999 -9999 99 -9999 -9999 -9999 -9999 -9999 -9999 -9999 -9999 -9999 -9999 -9999 57 57 157 156 156 156 56 56 156 56 56 57 57 56 56 56 56 56 56 56 55 55 55 55 54 54 54 53 53 52 51 51 50 50 49 48 47 47 46 46 45 45 44 44 43 42
-9999 -9999 -9999 -9999 -9999 -9999 -9999 -9999 -9999 -9999 -9999 -9999 -9999 -9999 -9999 -9999 -9999 -9999 -9999 -9999 -9999 -9999 -9999 -9999 -9999 99 99 -9999 -9999 -9999 -9999 -9999 -9999 -9999 -9999 -9999 -9999 57 56 156 156 256 256 156 156 56 56 157 57 57 57 57 57 57 57 56 56 56 55 55 55 55 54 54 53 53 52 51 51 50 49 49 47 47 47 46 46 45 44 44 43 42 41
-9999 -9999 -9999 -9999 -9999 -9999 -9999 -9999 -9999 -9999 -9999 -9999 -9999 -9999 -9999 -9999 -9999 -9999 -9999 -9999 -9999 -9999 -9999 -9999 -9999 99 -9999 -9999 -9999 -9999 -9999 -9999 -9999 -9999 -9999 -9999 -9999 56 56 56 156 156 156 156 56 57 157 157 157 57 57 57 57 57 57 57 56 56 56 55 55 55 55 54 54 53 53 -9999 -9999 -9999 -9999 47 47 47 46 46 46 45 44 44 42 42 41
-9999 -9999 -9999 -9999 -9999 -9999 -9999 -9999 -9999 -9999 -9999 -9999 -9999 -9999 -9999 -9999 -9999 -9999 -9999 -9999 -9999 -9999 -9999 -9999 -9999 99 -9999 -9999 -9999 -9999 -9999 -9999 -9999 -9999 -9999 -9999 -9999 56 56 56 56 156 156 56 57 57 157 357 457 257 157 157 157 157 157 57 57 56 56 56 56 55 55 54 54 54 53 54 -9999 -9999 -9999 -9999 -9999 -9999 -9999 -9999 -9999 -9999 -9999 -9999 42 42 -9999
-9999 -9999 -9999 -9999 -9999 -9999 -9999 -9999 -9999 -9999 -9999 -9999 -9999 -9999 -9999 -9999 -9999 -9999 -9999 -9999 -9999 -9999 -9999 -9999 -9999 299 200 500 200 -9999 -9999 -9999 -9999 -9999 -9999 -9999 56 56 56 56 56 156 156 57 57 57 57 257 557 657 457 357 458 358 258 157 57 57 56 56 56 55 55 55 54 54 54 54 -9999 -9999 -9999 -9999 -9999 -9999 -9999 -9999 -9999 -9999 -9999 -9999 -9999 -9999 -9999
-9999 -9999 -9999 -9999 -9999 -9999 -9999 -9999 -9999 -9999 -9999 -9999 -9999 -9999 -9999 -9999 -9999 -9999 -9999 -9999 -9999 -9999 -9999 -9999 -9999 600 500 500 200 -9999 -9999 -9999 -9999 -9999 -9999 -9999 -9999 56 56 -9999 -9999 56 56 -9999 -9999 57 57 57 257 357 358 558 558 558 458 258 57 57 57 57 56 56 55 55 55 -9999 54 -9999 -9999 -9999 -9999 -9999 -9999 -9999 -9999 -9999 -9999 -9999 -9999 -9999 -9999 -9999 -9999
-9999 -9999 -9999 -9999 -9999 -9999 -9999 -9999 -9999 -9999 -9999 -9999 -9999 -9999 -9999 -9999 -9999 -9999 -9999 -9999 -9999 -9999 -9999 -9999 -9999 500 500 500 300 100 -9999 -9999 -9999 -9999 -9999 -9999 -9999 55 55 55 55 -9999 -9999 -9999 57 57 57 57 57 57 58 58 258 158 58 58 58 58 57 57 57 56 56 55 -9999 54 54 -9999 -9999 -9999 -9999 -9999 -9999 -9999 -9999 -9999 -9999 -9999 -9999 -9999 -9999 -9999 -9999
-9999 -9999 -9999 -9999 -9999 -9999 -9999 -9999 -9999 -9999 -9999 -9999 -9999 -9999 -9999 -9999 -9999 700 700 700 -9999 -9999 -9999 -9999 -9999 500 500 500 300 200 -9999 -9999 -9999 -9999 -9999 -9999 -9999 55 55 55 55 -9999 -9999 -9999 57 57 57 57 58 58 58 58 58 58 58 58 58 58 -9999 58 57 -9999 -9999 -9999 -9999 53 -9999 -9999 -9999 -9999 -9999 -9999 -9999 -9999 -9999 -9999 -9999 -9999 -9999 -9999 -9999 -9999 -9999
-9999 -9999 -9999 -9999 -9999 -9999 -9999 -9999 -9999 -9999 -9999 -9999 -9999 -9999 -9999 -9999 -9999 800 700 700 -9999 -9999 -9999 -9999 -9999 500 600 500 300 200 -9999 -9999 -9999 -9999 -9999 -9999 -9999 54 55 55 55 -9999 56 56 57 57 57 57 58 58 58 58 -9999 59 159 59 62 59 59 58 58 61 -9999 -9999 -9999 -9999 -9999 -9999 -9999 -9999 -9999 -9999 -9999 -9999 -9999 -9999 -9999 -9999 -9999 -9999 -9999 -9999 -9999
-9999 -9999 -9999 -9999 -9999 -9999 -9999 -9999 -9999 -9999 -9999 -9999 -9999 -9999 -9999 -9999 -9999 900 900 800 300 -9999 -9999 -9999 -9999 500 500 500 400 200 -9999 -9999 -9999 -9999 -9999 -9999 -9999 54 54 55 55 55 56 56 -9999 57 57 58 58 58 59 59 59 160 160 60 60 59 60 -9999 -9999 63 64 -9999 -9999 -9999 -9999 -9999 -9999 -9999 -9999 -9999 -9999 -9999 -9999 -9999 -9999 -9999 -9999 -9999 -9999 -9999 -9999
-9999 -9999 -9999 -9999 -9999 -9999 -9999 -9999 -9999 -9999 -9999 -9999 -9999 -9999 -9999 -9999 -9999 200 700 900 500 -9999 -9999 200 500 500 500 500 200 -9999 -9999 -9999 -9999 -9999 -9999 -9999 54 54 54 655 755 456 656 656 657 857 658 58 59 60 60 60 60 162 161 60 63 60 62 64 65 65 65 -9999 -9999 -9999 -9999 -9999 -9999 -9999 -9999 -9999 -9999 -9999 -9999 -9999 -9999 -9999 -9999 -9999 -9999 -9999 -9999
-9999 -9999 -9999 -9999 -9999 -9999 -9999 -9999 -9999 -9999 -9999 -9999 -9999 -9999 -9999 -9999 -9999 -9999 -9999 -9999 -9999 -9999 -9999 200 200 600 600 500 200 -9999 -9999 -9999 -9999 -9999 -9999 -9999 -9999 54 54 755 1155 1056 1056 956 957 1057 758 59 60 61 61 61 62 62 162 62 61 63 63 65 66 66 66 -9999 -9999 -9999 -9999 -9999 -9999 -9999 -9999 -9999 -9999 -9999 -9999 -9999 -9999 -9999 -9999 -9999 -9999 -9999 -9999
-9999 -9999 -9999 -9999 -9999 -9999 -9999 -9999 -9999 -9999 -9999 -9999 -9999 -9999 -9999 -9999 -9999 -9999 -9999 -9999 -9999 -9999 -9999 100 200 500 600 500 201 -9999 -9999 -9999 -9999 -9999 -9999 -9999 52 53 54 255 755 856 856 756 157 358 659 60 61 62 62 64 64 64 63 64 65 65 65 -9999 66 66 67 -9999 -9999 -9999 -9999 -9999 -9999 -9999 -9999 -9999 -9999 -9999 -9999 -9999 -9999 -9999 -9999 -9999 -9999 -9999 -9999
-9999 -9999 -9999 -9999 -9999 -9999 -9999 -9999 -9999 -9999 -9999 -9999 -9999 -9999 -9999 -9999 -9999 -9999 -9999 -9999 -9999 -9999 -9999 -9999 -9999 600 600 601 201 20 -9999 -9999 -9999 -9999 -9999 -9999 52 53 53 55 55 56 56 57 59 60 61 62 63 64 65 65 166 65 66 66 67 68 69 -9999 67 68 68 -9999 -9999 -9999 -9999 -9999 -9999 -9999 -9999 -9999 -9999 -9999 -9999 -9999 -9999 -9999 -9999 -9999 -9999 -9999 -9999
-9999 -9999 -9999 -9999 -9999 -9999 -9999 -9999 -9999 -9999 -9999 -9999 -9999 -9999 -9999 -9999 -9999 -9999 -9999 -9999 -9999 -9999 -9999 -9999 -9999 500 600 500 201 29 10 24 34 40 45 48 49 51 53 54 56 56 -9999 -9999 -9999 61 64 64 64 65 65 67 68 69 68 68 68 68 69 70 69 69 69 69 69 68 68 -9999 -9999 -9999 -9999 -9999 -9999 -9999 -9999 -9999 -9999 -9999 -9999 -9999 -9999 46 -9999
-9999 -9999 -9999 -9999 -9999 -9999 -9999 -9999 -9999 -9999 -9999 -9999 -9999 -9999 -9999 -9999 -9999 -9999 -9999 -9999 -9999 -9999 -9999 -9999 -9999 600 500 501 301 12 10 25 34 40 45 47 48 50 51 54 56 58 60 61 62 62 64 65 67 69 69 69 69 70 70 70 70 70 70 71 -9999 70 70 70 69 69 68 67 66 65 65 63 62 61 59 57 56 55 -9999 -9999 -9999 46 -9999
-9999 -9999 -9999 -9999 -9999 -9999 -9999 -9999 -9999 -9999 -9999 -9999 -9999 -9999 -9999 -9999 -9999 -9999 -9999 -9999 -9999 -9999 -9999 -9999 -9999 300 300 401 101 6 12 27 33 40 43 47 47 48 51 54 57 60 61 -9999 -9999 -9999 67 68 69 69 69 70 71 72 73 73 72 72 72 72 71 70 70 70 70 69 68 67 66 66 65 63 62 61 59 57 57 53 52 50 48 47 43
-9999 -9999 -9999 -9999 -9999 -9999 -9999 -9999 -9999 -9999 -9999 -9999 -9999 -9999 -9999 -9999 -9999 -9999 -9999 -9999 -9999 -9999 -9999 -9999 -9999 -9999 -9999 401 101 5 21 28 32 39 43 46 47 48 50 55 59 62 64 66 67 69 69 70 71 72 71 72 72 71 73 73 73 76 73 74 74 73 71 70 70 69 68 68 67 66 65 63 62 60 59 58 57 52 51 50 48 48 44
-9999 -9999 -9999 -9999 -9999 -9999 -9999 -9999 -9999 -9999 -9999 -9999 -9999 -9999 -9999 -9999 -9999 -9999 -9999 -9999 -9999 -9999 -9999 -9999 -9999 100 -9999 502 202 7 23 29 31 37 42 43 46 48 50 55 60 62 64 67 68 69 72 71 73 74 74 74 75 75 74 74 76 77 73 75 75 74 73 71 70 70 69 68 67 66 65 64 -9999 59 58 57 56 53 51 48 47 46 45
-9999 -9999 -9999 -9999 -9999 -9999 -9999 -9999 -9999 -9999 -9999 -9999 -9999 -9999 -9999 -9999 -9999 -9999 -9999 -9999 -9999 -9999 -9999 -9999 -9999 100 -9999 501 15 7 22 28 31 36 40 39 45 46 52 57 61 63 65 67 70 73 75 73 75 75 76 76 76 75 76 76 76 74 76 77 77 75 74 72 72 70 69 69 67 66 65 64 62 60 58 57 56 53 51 50 48 46 45
-9999 -9999 -9999 -9999 -9999 -9999 -9999 -9999 -9999 -9999 -9999 -9999 -9999 -9999 -9999 -9999 -9999 -9999 -9999 -9999 -9999 -9999 -9999 -9999 -9999 400 400 501 -9999 -9999 20 25 31 34 34 37 43 47 51 59 61 64 66 68 71 75 71 74 76 76 77 78 78 78 79 79 179 178 79 78 78 77 75 74 73 70 70 68 67 66 65 64 63 61 58 57 56 54 51 49 47 47 45
-9999 -9999 -9999 -9999 -9999 -9999 -9999 -9999 -9999 -9999 -9999 -9999 -9999 -9999 -9999 -9999 -9999 -9999 -9999 -9999 -9999 -9999 -9999 -9999 -9999 500 500 400 -9999 108 10 11 -9999 -9999 17 25 38 45 51 59 61 64 68 72 73 76 78 77 77 78 79 179 180 181 81 81 181 180 179 177 178 78 76 74 74 71 70 69 67 66 65 64 63 61 59 57 56 53 51 49 47 46 45
-9999 -9999 -9999 -9999 -9999 -9999 -9999 -9999 -9999 -9999 -9999 -9999 -9999 -9999 -9999 -9999 -9999 -9999 -9999 -9999 -9999 -9999 -9999 -9999 -9999 600 500 201 -9999 -9999 -9999 32 136 39 48 15 35 44 47 -9999 65 67 68 71 76 78 79 80 80 81 80 181 81 84 85 84 81 181 180 380 177 178 377 376 176 73 72 70 68 68 65 63 62 61 59 58 56 53 51 49 47 46 43
-9999 -9999 -9999 -9999 -9999 -9999 -9999 -9999 -9999 -9999 -9999 -9999 -9999 -9999 -9999 -9999 -9999 -9999 -9999 -9999 -9999 -9999 -9999 -9999 -9999 -9999 500 102 17 235 435 629 632 339 6 16 35 44 48 50 -9999 67 69 72 79 81 83 87 84 86 -9999 -9999 -9999 91 92 92 -9999 -9999 184 182 180 180 377 379 275 174 72 69 68 167 65 165 62 60 59 59 55 52 51 50 48 46 43
