1D-2D result/RTR/100yr_max_wDepth.asc
ncols         157
nrows         207
xllcorner     42854.265930178
yllcorner     227397.95507813
cellsize      30
NODATA_VALUE  -9999
[rows 148 to 184 of 207, columns 0 to 83 of 157]
-9999 -9999 -9999 -9999 -9999 -9999 -9999 -9999 -9999 -9999 -9999 -9999 -9999 -9999 -9999 -9999 -9999 -9999 -9999 -9999 -9999 -9999 5 -9999 -9999 -9999 5 7 108 7 5 -9999 10 9 8 5 65 65 65 65 65 64 64 64 64 64 64 64 64 64 64 64 64 64 64 64 64 -9999 63 63 63 63 63 -9999 -9999 361 161 61 61 61 61 -9999 62 62 61 61 61 61 61 60 61 61 61 -9999
-9999 -9999 -9999 -9999 -9999 -9999 -9999 -9999 -9999 -9999 -9999 -9999 -9999 -9999 -9999 -9999 -9999 -9999 -9999 -9999 -9999 -9999 -9999 -9999 -9999 -9999 6 8 108 7 5 -9999 10 9 7 6 -9999 -9999 65 65 65 65 64 64 64 64 64 64 64 64 64 64 64 64 64 64 63 -9999 63 -9999 -9999 62 -9999 -9999 -9999 361 161 61 61 61 -9999 -9999 62 61 61 61 61 61 60 60 61 61 61 -9999
-9999 -9999 -9999 -9999 -9999 -9999 -9999 -9999 -9999 -9999 -9999 -9999 -9999 -9999 -9999 -9999 -9999 -9999 -9999 -9999 -9999 -9999 -9999 -9999 -9999 -9999 -9999 8 108 8 6 -9999 -9999 8 7 6 -9999 65 65 65 65 65 65 64 64 64 64 64 64 64 64 64 64 64 64 63 63 -9999 63 63 62 62 62 -9999 -9999 361 261 61 61 61 61 61 61 61 61 61 60 60 60 60 60 60 61 -9999
-9999 -9999 -9999 -9999 -9999 -9999 -9999 -9999 -9999 -9999 -9999 -9999 -9999 -9999 -9999 -9999 -9999 -9999 -9999 -9999 -9999 -9999 -9999 -9999 -9999 -9999 -9999 -9999 14 8 6 -9999 10 8 7 7 -9999 65 65 65 65 65 65 65 64 64 64 64 64 64 64 64 64 64 63 63 63 63 63 63 62 62 62 62 62 361 261 61 61 -9999 -9999 61 61 61 60 60 60 59 59 60 60 60 -9999 -9999
-9999 -9999 -9999 -9999 -9999 -9999 -9999 -9999 -9999 -9999 -9999 -9999 -9999 -9999 -9999 -9999 -9999 -9999 -9999 -9999 -9999 -9999 -9999 -9999 -9999 -9999 -9999 -9999 -9999 6 6 -9999 10 8 7 -9999 -9999 65 65 65 65 65 65 65 65 64 64 64 64 64 64 64 64 63 63 63 63 63 63 63 62 62 62 62 62 162 161 61 61 -9999 61 -9999 61 -9999 60 59 59 59 59 59 59 -9999 -9999 55
-9999 -9999 -9999 -9999 -9999 -9999 -9999 -9999 -9999 -9999 -9999 -9999 -9999 -9999 -9999 -9999 -9999 -9999 -9999 -9999 -9999 -9999 -9999 -9999 -9999 -9999 -9999 -9999 -9999 6 5 -9999 9 8 8 8 -9999 66 65 65 65 65 65 65 65 65 64 64 64 64 64 64 64 64 63 63 63 63 -9999 62 62 62 62 62 62 62 62 62 61 -9999 61 61 61 -9999 59 59 58 58 58 57 57 56 -9999 55
-9999 -9999 -9999 -9999 -9999 -9999 -9999 -9999 -9999 -9999 -9999 -9999 -9999 -9999 -9999 -9999 -9999 -9999 -9999 -9999 -9999 -9999 -9999 -9999 -9999 -9999 -9999 -9999 -9999 105 -9999 -9999 7 7 8 8 -9999 66 66 65 65 65 65 65 65 65 65 64 64 64 64 64 64 64 64 63 63 63 -9999 63 62 62 62 62 62 62 62 62 62 -9999 -9999 -9999 61 -9999 59 58 58 57 57 56 56 55 55 55
-9999 -9999 -9999 -9999 -9999 -9999 -9999 -9999 -9999 -9999 -9999 -9999 -9999 -9999 -9999 -9999 -9999 -9999 -9999 -9999 -9999 -9999 -9999 -9999 -9999 -9999 -9999 -9999 -9999 -9999 -9999 6 6 6 6 6 -9999 66 66 66 65 65 65 65 65 65 65 65 64 64 64 64 64 64 64 64 63 63 63 63 63 62 62 62 62 62 62 62 61 -9999 -9999 -9999 -9999 -9999 -9999 57 57 56 56 56 56 55 55 -9999
-9999 -9999 -9999 -9999 -9999 -9999 -9999 -9999 -9999 -9999 -9999 -9999 -9999 -9999 -9999 -9999 -9999 -9999 -9999 -9999 -9999 -9999 -9999 -9999 -9999 -9999 -9999 -9999 -9999 -9999 -9999 -9999 -9999 -9999 -9999 -9999 -9999 66 66 66 66 65 65 65 65 65 65 65 65 64 64 64 64 64 64 64 63 63 63 63 63 63 62 62 62 62 62 61 61 -9999 -9999 -9999 57 -9999 -9999 57 57 56 56 55 54 54 54 -9999
-9999 -9999 -9999 -9999 -9999 -9999 -9999 -9999 -9999 -9999 -9999 -9999 -9999 -9999 -9999 -9999 -9999 -9999 -9999 -9999 -9999 -9999 -9999 -9999 -9999 -9999 -9999 -9999 -9999 -9999 -9999 -9999 -9999 69 69 69 69 66 66 66 66 66 65 65 65 65 65 65 65 65 64 64 64 64 64 64 63 63 63 63 63 63 62 62 62 62 61 61 61 -9999 -9999 -9999 57 -9999 -9999 -9999 56 55 55 54 54 54 53 -9999
-9999 -9999 -9999 -9999 -9999 -9999 -9999 -9999 -9999 -9999 -9999 -9999 -9999 -9999 -9999 -9999 -9999 -9999 -9999 -9999 -9999 -9999 -9999 -9999 -9999 -9999 7 -9999 -9999 -9999 -9999 -9999 -9999 69 69 68 68 -9999 -9999 66 66 66 65 65 65 65 65 65 65 65 65 64 64 64 64 64 64 63 63 63 63 63 62 62 62 62 61 61 61 -9999 -9999 57 57 56 -9999 -9999 -9999 54 54 54 54 54 52 -9999
-9999 -9999 -9999 -9999 -9999 -9999 -9999 -9999 -9999 -9999 -9999 -9999 -9999 -9999 -9999 -9999 -9999 -9999 -9999 -9999 -9999 -9999 -9999 -9999 -9999 -9999 -9999 -9999 -9999 -9999 -9999 -9999 -9999 -9999 69 68 68 66 66 66 65 65 65 65 65 65 65 65 65 65 65 65 64 64 64 64 64 64 63 63 63 63 63 62 62 61 61 61 60 -9999 -9999 57 57 56 -9999 -9999 54 54 54 53 52 51 51 -9999
-9999 -9999 -9999 -9999 -9999 -9999 -9999 -9999 -9999 -9999 -9999 -9999 -9999 -9999 -9999 -9999 -9999 -9999 -9999 -9999 -9999 -9999 -9999 -9999 -9999 -9999 -9999 -9999 -9999 -9999 -9999 -9999 -9999 -9999 -9999 -9999 -9999 66 66 165 165 165 165 65 65 65 65 65 65 65 65 65 65 65 64 64 64 64 64 63 63 63 63 62 62 61 61 61 60 59 59 57 56 56 55 54 54 53 53 53 52 51 50 48
-9999 -9999 -9999 -9999 -9999 -9999 -9999 -9999 -9999 -9999 -9999 -9999 -9999 -9999 -9999 -9999 -9999 -9999 -9999 -9999 -9999 -9999 -9999 -9999 -9999 99 -9999 -9999 -9999 -9999 -9999 -9999 -9999 -9999 -9999 -9999 -9999 65 65 165 165 165 165 65 65 165 65 65 65 65 65 65 65 65 65 64 64 64 64 64 63 63 63 62 62 61 61 60 60 59 59 57 57 56 55 54 54 53 52 52 51 50 49 47
-9999 -9999 -9999 -9999 -9999 -9999 -9999 -9999 -9999 -9999 -9999 -9999 -9999 -9999 -9999 -9999 -9999 -9999 -9999 -9999 -9999 -9999 -9999 -9999 -9999 99 99 -9999 -9999 -9999 -9999 -9999 -9999 -9999 -9999 -9999 -9999 65 65 165 165 265 265 165 165 65 65 165 65 65 65 65 65 65 65 65 64 64 64 64 64 63 63 63 62 62 61 60 60 59 58 57 56 55 55 54 53 53 52 51 50 50 49 48
-9999 -9999 -9999 -9999 -9999 -9999 -9999 -9999 -9999 -9999 -9999 -9999 -9999 -9999 -9999 -9999 -9999 -9999 -9999 -9999 -9999 -9999 -9999 -9999 -9999 99 -9999 -9999 -9999 -9999 -9999 -9999 -9999 -9999 -9999 -9999 -9999 65 65 65 165 165 165 165 65 65 165 165 165 65 65 65 65 65 65 65 65 64 64 64 64 63 63 63 63 62 61 -9999 -9999 -9999 -9999 56 56 55 55 54 53 53 52 51 50 49 49 47
-9999 -9999 -9999 -9999 -9999 -9999 -9999 -9999 -9999 -9999 -9999 -9999 -9999 -9999 -9999 -9999 -9999 -9999 -9999 -9999 -9999 -9999 -9999 -9999 -9999 100 -9999 -9999 -9999 -9999 -9999 -9999 -9999 -9999 -9999 -9999 -9999 64 64 65 65 165 165 65 65 65 165 365 465 265 165 165 165 165 165 65 65 65 64 64 64 64 63 63 63 62 62 62 -9999 -9999 -9999 -9999 -9999 -9999 -9999 -9999 -9999 -9999 -9999 -9999 50 49 -9999 -9999
-9999 -9999 -9999 -9999 -9999 -9999 -9999 -9999 -9999 -9999 -9999 -9999 -9999 -9999 -9999 -9999 -9999 -9999 -9999 -9999 -9999 -9999 -9999 -9999 -9999 300 200 500 200 -9999 -9999 -9999 -9999 -9999 -9999 -9999 64 64 64 64 65 165 165 65 65 65 65 265 565 665 465 366 466 365 265 165 65 65 65 64 64 64 64 63 63 63 63 62 -9999 -9999 -9999 -9999 -9999 -9999 -9999 -9999 -9999 -9999 -9999 -9999 -9999 -9999 -9999 -9999
-9999 -9999 -9999 -9999 -9999 -9999 -9999 -9999 -9999 -9999 -9999 -9999 -9999 -9999 -9999 -9999 -9999 -9999 -9999 -9999 -9999 -9999 -9999 -9999 -9999 600 500 500 200 -9999 -9999 -9999 -9999 -9999 -9999 -9999 -9999 64 64 -9999 -9999 65 65 -9999 -9999 65 65 65 265 365 366 566 566 566 466 266 65 65 65 65 64 64 64 64 63 -9999 62 -9999 -9999 -9999 -9999 -9999 -9999 -9999 -9999 -9999 -9999 -9999 -9999 -9999 -9999 -9999 -9999 -9999
-9999 -9999 -9999 -9999 -9999 -9999 -9999 -9999 -9999 -9999 -9999 -9999 -9999 -9999 -9999 -9999 -9999 -9999 -9999 -9999 -9999 -9999 -9999 -9999 -9999 500 500 500 300 100 -9999 -9999 -9999 -9999 -9999 -9999 -9999 63 63 63 63 -9999 -9999 -9999 65 65 65 65 65 65 66 66 266 166 66 66 66 66 65 65 65 64 64 64 -9999 62 62 -9999 -9999 -9999 -9999 -9999 -9999 -9999 -9999 -9999 -9999 -9999 -9999 -9999 -9999 -9999 -9999 -9999
-9999 -9999 -9999 -9999 -9999 -9999 -9999 -9999 -9999 -9999 -9999 -9999 -9999 -9999 -9999 -9999 -9999 700 700 700 -9999 -9999 -9999 -9999 -9999 500 500 500 300 200 -9999 -9999 -9999 -9999 -9999 -9999 -9999 62 62 62 62 -9999 -9999 -9999 64 65 65 65 65 66 66 66 66 66 66 66 66 66 -9999 65 65 -9999 -9999 -9999 -9999 62 -9999 -9999 -9999 -9999 -9999 -9999 -9999 -9999 -9999 -9999 -9999 -9999 -9999 -9999 -9999 -9999 -9999 -9999
-9999 -9999 -9999 -9999 -9999 -9999 -9999 -9999 -9999 -9999 -9999 -9999 -9999 -9999 -9999 -9999 -9999 800 700 700 -9999 -9999 -9999 -9999 -9999 500 600 500 300 200 -9999 -9999 -9999 -9999 -9999 -9999 -9999 62 62 62 62 -9999 63 64 64 65 65 65 65 66 66 66 -9999 67 167 67 67 66 67 66 66 69 -9999 -9999 -9999 -9999 -9999 -9999 -9999 -9999 -9999 -9999 -9999 -9999 -9999 -9999 -9999 -9999 -9999 -9999 -9999 -9999 -9999 -9999
-9999 -9999 -9999 -9999 -9999 -9999 -9999 -9999 -9999 -9999 -9999 -9999 -9999 -9999 -9999 -9999 -9999 900 900 800 300 -9999 -9999 -9999 -9999 500 500 500 400 200 -9999 -9999 -9999 -9999 -9999 -9999 -9999 61 62 62 62 62 63 63 -9999 64 64 65 66 66 66 67 67 168 168 69 68 67 69 -9999 -9999 72 72 -9999 -9999 -9999 -9999 -9999 -9999 -9999 -9999 -9999 -9999 -9999 -9999 -9999 -9999 -9999 -9999 -9999 -9999 -9999 -9999 -9999
-9999 -9999 -9999 -9999 -9999 -9999 -9999 -9999 -9999 -9999 -9999 -9999 -9999 -9999 -9999 -9999 -9999 200 700 900 500 -9999 -9999 200 500 500 500 500 201 -9999 -9999 -9999 -9999 -9999 -9999 -9999 61 61 61 662 763 463 664 665 664 865 665 66 66 66 68 69 69 170 171 70 71 72 71 72 73 73 73 -9999 -9999 -9999 -9999 -9999 -9999 -9999 -9999 -9999 -9999 -9999 -9999 -9999 -9999 -9999 -9999 -9999 -9999 -9999 -9999 -9999
-9999 -9999 -9999 -9999 -9999 -9999 -9999 -9999 -9999 -9999 -9999 -9999 -9999 -9999 -9999 -9999 -9999 -9999 -9999 -9999 -9999 -9999 -9999 200 200 600 600 500 201 -9999 -9999 -9999 -9999 -9999 -9999 -9999 -9999 60 61 762 1163 1064 1063 963 965 1066 765 66 67 68 69 69 70 71 171 71 71 72 72 72 73 73 74 -9999 -9999 -9999 -9999 -9999 -9999 -9999 -9999 -9999 -9999 -9999 -9999 -9999 -9999 -9999 -9999 -9999 -9999 -9999 -9999 -9999
-9999 -9999 -9999 -9999 -9999 -9999 -9999 -9999 -9999 -9999 -9999 -9999 -9999 -9999 -9999 -9999 -9999 -9999 -9999 -9999 -9999 -9999 -9999 100 200 500 600 501 201 -9999 -9999 -9999 -9999 -9999 -9999 -9999 59 60 61 262 763 864 862 765 164 367 667 68 69 69 70 71 71 72 73 74 74 72 73 -9999 74 74 74 -9999 -9999 -9999 -9999 -9999 -9999 -9999 -9999 -9999 -9999 -9999 -9999 -9999 -9999 -9999 -9999 -9999 -9999 -9999 -9999 -9999
-9999 -9999 -9999 -9999 -9999 -9999 -9999 -9999 -9999 -9999 -9999 -9999 -9999 -9999 -9999 -9999 -9999 -9999 -9999 -9999 -9999 -9999 -9999 -9999 -9999 600 601 602 201 22 -9999 -9999 -9999 -9999 -9999 -9999 57 57 59 61 62 62 64 65 66 66 69 69 70 71 72 73 173 74 74 75 74 74 75 -9999 75 75 75 -9999 -9999 -9999 -9999 -9999 -9999 -9999 -9999 -9999 -9999 -9999 -9999 -9999 -9999 -9999 -9999 -9999 -9999 -9999 -9999 -9999
-9999 -9999 -9999 -9999 -9999 -9999 -9999 -9999 -9999 -9999 -9999 -9999 -9999 -9999 -9999 -9999 -9999 -9999 -9999 -9999 -9999 -9999 -9999 -9999 -9999 500 601 502 201 31 11 27 37 44 50 53 55 57 59 61 61 62 -9999 -9999 -9999 70 71 72 72 74 73 74 75 76 77 77 77 80 77 77 76 76 76 76 76 75 75 -9999 -9999 -9999 -9999 -9999 -9999 -9999 -9999 -9999 -9999 -9999 -9999 -9999 -9999 50 -9999 144
-9999 -9999 -9999 -9999 -9999 -9999 -9999 -9999 -9999 -9999 -9999 -9999 -9999 -9999 -9999 -9999 -9999 -9999 -9999 -9999 -9999 -9999 -9999 -9999 -9999 600 500 502 301 13 11 28 37 44 50 52 53 56 57 60 62 63 66 68 69 70 71 74 74 74 76 76 78 77 78 78 79 76 78 78 -9999 77 77 76 76 74 74 73 72 71 70 68 67 66 64 61 61 60 -9999 -9999 -9999 50 -9999 43
-9999 -9999 -9999 -9999 -9999 -9999 -9999 -9999 -9999 -9999 -9999 -9999 -9999 -9999 -9999 -9999 -9999 -9999 -9999 -9999 -9999 -9999 -9999 -9999 -9999 301 302 401 103 7 14 30 37 44 50 50 52 56 56 60 63 65 67 -9999 -9999 -9999 74 75 76 76 77 77 78 79 79 80 79 79 81 80 80 78 77 77 76 75 74 73 72 71 70 68 67 66 63 62 60 60 57 54 53 50 47 43
-9999 -9999 -9999 -9999 -9999 -9999 -9999 -9999 -9999 -9999 -9999 -9999 -9999 -9999 -9999 -9999 -9999 -9999 -9999 -9999 -9999 -9999 -9999 -9999 -9999 -9999 -9999 402 102 6 23 31 35 42 46 49 50 54 55 59 64 67 69 71 74 75 76 76 78 78 80 80 80 80 80 80 81 81 80 80 80 79 79 77 76 75 74 74 73 71 70 69 67 64 64 62 60 59 56 50 52 50 47 43
-9999 -9999 -9999 -9999 -9999 -9999 -9999 -9999 -9999 -9999 -9999 -9999 -9999 -9999 -9999 -9999 -9999 -9999 -9999 -9999 -9999 -9999 -9999 -9999 -9999 100 -9999 502 202 8 25 32 34 40 45 47 49 51 53 59 64 68 70 72 75 76 77 78 79 79 81 81 82 81 81 81 82 82 81 81 80 79 79 79 78 76 75 74 73 72 70 70 -9999 64 63 61 61 57 57 54 52 50 47 42
-9999 -9999 -9999 -9999 -9999 -9999 -9999 -9999 -9999 -9999 -9999 -9999 -9999 -9999 -9999 -9999 -9999 -9999 -9999 -9999 -9999 -9999 -9999 -9999 -9999 100 -9999 502 16 8 24 31 34 39 44 47 48 50 53 60 65 69 71 74 75 78 78 80 81 82 82 83 83 82 83 83 83 84 83 83 83 81 80 79 78 77 76 75 73 72 71 69 68 65 63 61 60 58 56 54 51 50 48 43
-9999 -9999 -9999 -9999 -9999 -9999 -9999 -9999 -9999 -9999 -9999 -9999 -9999 -9999 -9999 -9999 -9999 -9999 -9999 -9999 -9999 -9999 -9999 -9999 -9999 400 401 501 -9999 -9999 23 27 34 37 37 41 47 50 54 62 67 70 73 75 77 79 79 84 83 84 84 84 84 85 85 86 186 189 87 86 84 84 83 80 78 77 76 75 73 72 71 70 68 65 63 62 60 58 56 53 51 50 48 47
-9999 -9999 -9999 -9999 -9999 -9999 -9999 -9999 -9999 -9999 -9999 -9999 -9999 -9999 -9999 -9999 -9999 -9999 -9999 -9999 -9999 -9999 -9999 -9999 -9999 500 500 401 -9999 108 11 12 -9999 -9999 19 28 41 48 55 66 68 73 74 76 78 79 84 84 83 85 85 185 186 188 88 87 186 185 183 190 190 85 84 82 80 78 78 76 73 72 71 70 68 66 63 62 60 57 55 53 51 49 48 -9999
-9999 -9999 -9999 -9999 -9999 -9999 -9999 -9999 -9999 -9999 -9999 -9999 -9999 -9999 -9999 -9999 -9999 -9999 -9999 -9999 -9999 -9999 -9999 -9999 -9999 600 501 201 -9999 -9999 -9999 46 139 59 63 17 38 47 50 -9999 69 72 74 77 80 83 85 88 88 87 86 187 87 91 90 89 89 186 185 389 186 187 387 382 185 81 79 76 73 72 71 70 67 65 63 62 60 57 55 53 50 48 46 40
-9999 -9999 -9999 -9999 -9999 -9999 -9999 -9999 -9999 -9999 -9999 -9999 -9999 -9999 -9999 -9999 -9999 -9999 -9999 -9999 -9999 -9999 -9999 -9999 -9999 -9999 501 103 21 240 442 651 640 358 8 19 39 48 52 55 -9999 74 76 78 85 87 89 92 92 92 -9999 -9999 -9999 96 98 95 -9999 -9999 188 183 187 185 383 388 281 183 75 79 76 172 70 170 66 64 63 62 59 56 55 53 51 47 46 41
