1D-2D result/RTR/100yr_max_wDepth.asc
ncols         157
nrows         207
xllcorner     42854.265930178
yllcorner     227397.95507813
cellsize      30
NODATA_VALUE  -9999
[rows 111 to 147 of 207, columns 0 to 83 of 157]
-9999 -9999 -9999 -9999 -9999 -9999 -9999 -9999 -9999 -9999 -9999 -9999 -9999 -9999 -9999 -9999 -9999 -9999 -9999 -9999 -9999 -9999 -9999 -9999 -9999 -9999 -9999 -9999 -9999 -9999 -9999 -9999 -9999 -9999 7 7 -9999 -9999 -9999 5 6 6 6 9 9 7 -9999 7 5 -9999 -9999 -9999 -9999 -9999 -9999 -9999 -9999 -9999 -9999 42 46 47 48 49 146 149 150 150 147 47 47 48 47 47 -9999 -9999 -9999 5 6 -9999 -9999 5 6 6
-9999 -9999 -9999 -9999 -9999 -9999 -9999 -9999 -9999 -9999 -9999 -9999 -9999 -9999 -9999 -9999 -9999 -9999 -9999 -9999 -9999 -9999 -9999 -9999 -9999 -9999 -9999 -9999 -9999 -9999 -9999 -9999 -9999 7 7 6 -9999 -9999 -9999 -9999 5 5 7 11 9 7 -9999 7 5 -9999 -9999 -9999 -9999 -9999 -9999 -9999 -9999 -9999 -9999 41 42 43 43 45 147 146 147 146 147 146 47 46 46 46 46 -9999 5 5 6 7 -9999 5 6 6
-9999 -9999 -9999 -9999 -9999 -9999 -9999 -9999 -9999 -9999 -9999 -9999 -9999 -9999 -9999 -9999 -9999 -9999 -9999 -9999 -9999 -9999 -9999 -9999 -9999 -9999 -9999 -9999 9 -9999 9 9 9 -9999 -9999 6 6 6 -9999 -9999 -9999 -9999 -9999 7 7 5 -9999 5 -9999 -9999 -9999 -9999 -9999 -9999 -9999 -9999 -9999 -9999 26 35 39 41 42 146 147 141 144 145 246 145 45 46 46 46 46 -9999 5 6 6 7 -9999 -9999 6 6
-9999 -9999 -9999 -9999 -9999 -9999 -9999 -9999 -9999 -9999 -9999 -9999 -9999 -9999 -9999 -9999 -9999 -9999 -9999 -9999 -9999 -9999 -9999 -9999 -9999 -9999 -9999 -9999 8 9 9 9 -9999 -9999 -9999 -9999 5 5 -9999 -9999 -9999 -9999 -9999 -9999 -9999 -9999 -9999 -9999 -9999 -9999 -9999 -9999 16 16 16 16 16 19 22 28 34 39 40 136 144 142 143 144 244 144 143 45 45 46 46 46 -9999 6 7 7 9 -9999 -9999 -9999
-9999 -9999 -9999 -9999 -9999 -9999 -9999 -9999 -9999 -9999 -9999 -9999 -9999 -9999 -9999 -9999 -9999 -9999 -9999 -9999 -9999 -9999 -9999 -9999 -9999 -9999 -9999 -9999 9 9 9 9 -9999 -9999 -9999 -9999 -9999 5 6 7 107 7 8 -9999 -9999 -9999 -9999 15 115 315 315 315 315 316 116 16 16 16 17 22 28 34 135 140 140 142 143 242 244 244 143 144 45 45 46 -9999 6 6 6 7 9 12 16 17
-9999 -9999 -9999 -9999 -9999 -9999 -9999 -9999 -9999 -9999 -9999 -9999 -9999 -9999 -9999 -9999 -9999 -9999 -9999 -9999 -9999 -9999 -9999 -9999 -9999 -9999 -9999 -9999 9 9 -9999 8 5 -9999 -9999 -9999 -9999 -9999 6 -9999 7 -9999 -9999 15 15 15 15 -9999 215 1315 1415 1615 1715 1815 1816 1416 1315 615 16 18 24 135 132 136 136 138 141 242 242 242 143 144 44 -9999 6 6 6 6 7 8 9 11 14 16
-9999 -9999 -9999 -9999 -9999 -9999 -9999 -9999 -9999 -9999 -9999 -9999 -9999 -9999 -9999 -9999 -9999 -9999 -9999 -9999 -9999 -9999 -9999 -9999 -9999 -9999 -9999 -9999 -9999 7 -9999 -9999 -9999 -9999 -9999 -9999 -9999 -9999 -9999 -9999 -9999 -9999 -9999 15 15 15 15 15 315 1315 1515 1615 1715 1815 2015 2115 2215 1915 15 17 24 132 133 133 135 141 237 241 241 142 -9999 -9999 -9999 -9999 6 6 6 6 6 7 9 9 12 14
-9999 -9999 -9999 -9999 -9999 -9999 -9999 -9999 -9999 -9999 -9999 -9999 -9999 -9999 -9999 -9999 -9999 -9999 -9999 -9999 -9999 -9999 -9999 -9999 -9999 -9999 -9999 -9999 5 6 -9999 -9999 -9999 80 -9999 -9999 -9999 -9999 -9999 -9999 -9999 -9999 -9999 15 14 115 115 15 115 1315 1515 1615 1715 1915 2015 2115 2315 2115 115 15 126 130 134 131 131 138 138 33 -9999 5 -9999 -9999 -9999 -9999 6 6 6 6 6 7 8 9 11 12
-9999 -9999 -9999 -9999 -9999 -9999 -9999 -9999 -9999 -9999 -9999 -9999 -9999 -9999 -9999 -9999 -9999 -9999 -9999 -9999 -9999 -9999 -9999 -9999 -9999 -9999 -9999 -9999 13 6 -9999 -9999 -9999 80 80 -9999 74 -9999 18 -9999 -9999 -9999 -9999 21 17 14 15 15 115 215 1315 1215 1015 1015 1015 2015 2215 1815 115 15 130 126 127 131 29 29 28 27 24 23 -9999 -9999 -9999 -9999 -9999 5 5 5 6 7 7 8 10 12
-9999 -9999 -9999 -9999 -9999 -9999 -9999 -9999 -9999 -9999 -9999 -9999 -9999 -9999 -9999 -9999 -9999 -9999 -9999 -9999 -9999 -9999 -9999 -9999 -9999 -9999 -9999 -9999 12 14 -9999 -9999 101 -9999 -9999 -9999 -9999 -9999 -9999 -9999 29 29 29 128 10 -9999 114 115 115 115 115 215 315 315 215 115 115 115 14 16 124 25 26 26 26 26 26 25 23 21 21 20 18 17 -9999 -9999 -9999 -9999 -9999 5 5 6 8 11
-9999 -9999 -9999 -9999 -9999 -9999 -9999 -9999 -9999 -9999 -9999 -9999 -9999 -9999 -9999 -9999 -9999 -9999 -9999 -9999 -9999 -9999 -9999 -9999 -9999 -9999 -9999 -9999 -9999 -9999 68 -9999 -9999 -9999 -9999 -9999 101 -9999 -9999 -9999 -9999 -9999 -9999 -9999 6 -9999 -9999 -9999 -9999 -9999 -9999 -9999 -9999 -9999 -9999 -9999 -9999 -9999 15 17 19 20 23 24 24 24 23 23 21 20 20 20 18 16 14 11 10 10 -9999 -9999 -9999 -9999 5 8
-9999 -9999 -9999 -9999 -9999 -9999 -9999 -9999 -9999 -9999 -9999 -9999 -9999 -9999 -9999 -9999 -9999 -9999 -9999 -9999 -9999 -9999 -9999 -9999 -9999 -9999 -9999 -9999 -9999 -9999 -9999 -9999 -9999 -9999 -9999 -9999 -9999 -9999 -9999 -9999 -9999 -9999 -9999 -9999 5 -9999 -9999 -9999 -9999 -9999 -9999 -9999 -9999 -9999 -9999 -9999 -9999 -9999 14 15 17 19 20 21 20 20 20 20 20 20 19 18 16 14 13 11 9 9 9 9 10 11 -9999 -9999
-9999 -9999 -9999 -9999 -9999 -9999 -9999 -9999 -9999 -9999 -9999 -9999 -9999 -9999 -9999 -9999 -9999 -9999 -9999 -9999 -9999 -9999 -9999 -9999 -9999 -9999 -9999 -9999 -9999 -9999 -9999 -9999 -9999 -9999 -9999 -9999 -9999 -9999 -9999 -9999 -9999 -9999 -9999 -9999 -9999 -9999 -9999 -9999 -9999 -9999 -9999 -9999 -9999 -9999 -9999 -9999 -9999 -9999 10 13 14 14 16 17 18 18 18 18 19 18 16 15 14 12 11 9 8 8 8 9 10 10 10 12
-9999 -9999 -9999 -9999 -9999 -9999 -9999 -9999 -9999 -9999 -9999 -9999 -9999 -9999 -9999 -9999 -9999 -9999 -9999 -9999 -9999 -9999 -9999 -9999 -9999 -9999 -9999 -9999 -9999 -9999 -9999 -9999 -9999 -9999 -9999 -9999 -9999 -9999 -9999 -9999 -9999 -9999 -9999 5 5 5 -9999 -9999 -9999 -9999 -9999 -9999 -9999 -9999 -9999 -9999 -9999 -9999 27 -9999 5 6 8 13 14 14 15 16 16 15 14 13 12 10 9 8 8 8 8 8 9 9 10 10
-9999 -9999 -9999 -9999 -9999 -9999 -9999 -9999 -9999 -9999 -9999 -9999 -9999 -9999 -9999 -9999 -9999 -9999 -9999 -9999 -9999 -9999 -9999 -9999 -9999 -9999 -9999 -9999 -9999 -9999 -9999 -9999 -9999 -9999 -9999 -9999 -9999 -9999 -9999 -9999 -9999 -9999 -9999 5 5 6 6 5 -9999 -9999 -9999 -9999 -9999 -9999 -9999 -9999 -9999 25 26 26 27 28 29 5 7 8 9 12 12 12 12 12 12 9 8 8 7 8 8 8 9 9 9 10
-9999 -9999 -9999 -9999 -9999 -9999 -9999 -9999 -9999 -9999 -9999 -9999 -9999 -9999 -9999 -9999 -9999 -9999 -9999 -9999 -9999 -9999 -9999 -9999 -9999 -9999 -9999 -9999 -9999 -9999 -9999 -9999 -9999 -9999 -9999 -9999 -9999 -9999 -9999 -9999 -9999 -9999 -9999 5 6 7 9 7 5 -9999 -9999 -9999 -9999 -9999 -9999 -9999 -9999 25 26 26 26 27 27 26 26 27 27 -9999 5 5 6 8 10 8 7 7 7 7 7 7 7 8 9 10
-9999 -9999 -9999 -9999 -9999 -9999 -9999 -9999 -9999 -9999 -9999 -9999 -9999 -9999 -9999 -9999 -9999 -9999 -9999 -9999 -9999 -9999 -9999 -9999 -9999 -9999 -9999 -9999 -9999 -9999 -9999 -9999 -9999 -9999 -9999 -9999 -9999 -9999 -9999 -9999 -9999 -9999 -9999 -9999 6 8 14 8 5 -9999 -9999 -9999 -9999 -9999 -9999 -9999 -9999 25 25 25 26 26 25 25 25 25 24 23 22 21 22 -9999 7 -9999 -9999 5 5 5 5 5 6 6 7 8
-9999 -9999 -9999 -9999 -9999 -9999 -9999 -9999 -9999 -9999 -9999 -9999 -9999 -9999 -9999 -9999 -9999 -9999 -9999 -9999 -9999 -9999 -9999 -9999 -9999 -9999 -9999 -9999 -9999 -9999 -9999 -9999 -9999 -9999 -9999 -9999 -9999 -9999 -9999 -9999 -9999 -9999 -9999 -9999 -9999 -9999 -9999 -9999 -9999 -9999 9 8 8 6 5 -9999 23 24 24 24 24 24 23 24 24 24 23 22 21 20 20 18 16 12 10 -9999 -9999 -9999 -9999 -9999 -9999 5 5 6
-9999 -9999 -9999 -9999 -9999 -9999 -9999 -9999 -9999 -9999 -9999 -9999 -9999 -9999 -9999 -9999 -9999 -9999 -9999 -9999 -9999 -9999 -9999 -9999 -9999 -9999 -9999 -9999 -9999 -9999 -9999 -9999 -9999 -9999 -9999 -9999 -9999 -9999 -9999 -9999 -9999 -9999 -9999 8 8 11 12 11 10 9 8 7 7 6 5 -9999 22 22 23 23 22 22 21 21 21 22 21 21 20 20 19 18 14 9 9 8 8 8 9 -9999 -9999 -9999 -9999 5
-9999 -9999 -9999 -9999 -9999 -9999 -9999 -9999 -9999 -9999 -9999 -9999 -9999 -9999 -9999 -9999 -9999 -9999 -9999 -9999 -9999 -9999 -9999 -9999 -9999 -9999 -9999 -9999 -9999 -9999 -9999 -9999 -9999 -9999 -9999 -9999 -9999 -9999 5 5 5 5 6 7 7 9 10 9 9 7 6 5 5 -9999 -9999 -9999 20 21 22 22 21 20 20 20 18 19 19 19 19 19 18 16 14 8 8 8 7 7 7 7 7 8 9 -9999
-9999 -9999 -9999 -9999 -9999 -9999 -9999 -9999 -9999 -9999 -9999 -9999 -9999 -9999 -9999 -9999 -9999 -9999 -9999 -9999 -9999 -9999 -9999 -9999 -9999 -9999 -9999 -9999 -9999 -9999 -9999 -9999 -9999 -9999 -9999 -9999 -9999 -9999 -9999 -9999 -9999 5 -9999 5 5 6 7 7 6 6 5 5 -9999 -9999 -9999 -9999 17 19 19 19 19 19 18 16 17 16 15 15 15 17 15 14 11 7 7 6 7 6 6 5 5 5 5 6
-9999 -9999 -9999 -9999 -9999 -9999 -9999 -9999 -9999 -9999 -9999 -9999 -9999 -9999 -9999 -9999 -9999 -9999 -9999 -9999 -9999 -9999 -9999 -9999 -9999 -9999 -9999 -9999 -9999 -9999 -9999 -9999 -9999 -9999 -9999 -9999 -9999 -9999 -9999 -9999 -9999 -9999 -9999 -9999 -9999 -9999 -9999 -9999 -9999 -9999 -9999 -9999 -9999 -9999 -9999 15 16 16 16 16 16 16 16 16 15 12 11 10 9 9 8 8 6 -9999 -9999 -9999 -9999 -9999 -9999 -9999 -9999 -9999 -9999 -9999
-9999 -9999 -9999 -9999 -9999 -9999 -9999 -9999 -9999 6 7 8 -9999 -9999 -9999 -9999 -9999 -9999 -9999 -9999 -9999 -9999 -9999 -9999 -9999 -9999 -9999 -9999 -9999 -9999 -9999 -9999 -9999 -9999 -9999 -9999 -9999 -9999 -9999 -9999 16 16 16 15 15 15 -9999 13 12 12 12 11 11 12 12 13 14 14 14 14 13 13 11 10 9 6 7 5 70 70 69 69 69 68 68 67 67 66 66 66 66 65 65 65
-9999 -9999 -9999 -9999 -9999 -9999 -9999 -9999 -9999 6 7 8 9 9 10 10 10 -9999 7 7 7 6 -9999 -9999 -9999 -9999 -9999 -9999 -9999 9 9 9 11 12 14 14 15 15 16 16 16 16 15 15 15 14 12 12 11 11 11 11 11 11 11 12 13 13 13 12 11 9 73 73 72 72 72 71 70 69 69 69 68 68 67 67 66 66 66 66 65 65 65 65
-9999 -9999 -9999 -9999 -9999 -9999 -9999 -9999 -9999 6 7 8 9 9 9 10 9 8 8 7 7 6 -9999 -9999 -9999 -9999 9 9 9 9 9 9 11 12 13 14 15 15 16 16 15 15 14 14 13 13 12 11 10 10 10 10 10 10 10 11 12 12 12 11 11 7 73 72 72 71 71 71 70 69 69 68 68 67 67 66 66 66 66 65 65 65 65 65
-9999 -9999 -9999 -9999 -9999 -9999 -9999 -9999 -9999 5 7 8 9 9 9 9 9 8 8 7 7 6 -9999 -9999 -9999 -9999 9 9 9 8 8 9 11 12 13 13 14 15 15 15 15 14 13 12 12 12 11 10 9 8 8 8 7 8 8 9 10 10 10 9 8 -9999 72 72 72 71 71 70 70 69 69 68 67 67 66 66 66 65 65 65 65 65 65 64
-9999 -9999 -9999 -9999 -9999 -9999 -9999 -9999 -9999 5 6 7 8 9 9 9 9 8 8 7 7 6 -9999 -9999 -9999 -9999 9 9 8 8 8 9 11 12 12 13 13 14 14 14 14 13 12 11 11 11 9 7 7 7 6 -9999 -9999 -9999 -9999 5 7 5 5 6 -9999 72 72 72 71 71 -9999 70 70 69 68 67 67 66 66 65 66 65 65 65 65 65 64 64
-9999 -9999 -9999 -9999 -9999 -9999 -9999 -9999 -9999 -9999 6 7 7 8 9 9 8 8 7 7 6 5 -9999 -9999 -9999 -9999 9 8 8 8 8 9 10 11 12 12 12 13 13 12 11 10 9 9 8 8 6 5 5 -9999 -9999 -9999 -9999 -9999 -9999 -9999 -9999 69 69 -9999 -9999 72 72 71 71 171 71 70 70 69 -9999 67 67 66 65 65 65 65 65 64 64 64 64 64
-9999 -9999 -9999 -9999 -9999 -9999 -9999 -9999 -9999 -9999 5 6 7 8 8 9 8 7 7 6 5 -9999 -9999 -9999 -9999 -9999 8 8 8 8 8 9 10 10 11 11 11 11 11 7 5 -9999 -9999 5 -9999 -9999 -9999 -9999 -9999 -9999 65 65 65 65 65 66 -9999 69 69 69 68 -9999 -9999 71 171 171 71 71 70 70 -9999 66 66 66 65 65 65 64 64 64 64 64 64 64
-9999 -9999 -9999 -9999 -9999 -9999 -9999 -9999 -9999 -9999 -9999 -9999 5 6 7 7 6 5 5 -9999 -9999 -9999 -9999 -9999 -9999 -9999 8 8 8 8 7 8 9 9 9 9 8 5 64 64 64 64 64 64 64 64 64 64 64 65 65 65 65 65 65 65 -9999 68 68 -9999 -9999 -9999 -9999 71 271 171 71 71 70 -9999 -9999 65 65 65 65 65 64 64 64 64 64 64 64 64
-9999 -9999 -9999 -9999 -9999 -9999 -9999 -9999 -9999 -9999 -9999 -9999 -9999 -9999 -9999 -9999 -9999 5 -9999 -9999 -9999 -9999 -9999 -9999 -9999 -9999 7 7 7 7 7 7 8 8 7 7 5 -9999 64 64 64 64 64 64 64 64 64 64 64 64 65 65 65 65 65 65 66 67 -9999 -9999 -9999 -9999 71 71 271 171 71 71 71 -9999 -9999 65 65 65 64 64 64 64 64 64 64 63 63 63
-9999 -9999 -9999 -9999 -9999 -9999 -9999 -9999 -9999 -9999 -9999 -9999 -9999 -9999 -9999 -9999 -9999 -9999 -9999 -9999 -9999 -9999 -9999 -9999 7 7 7 7 7 7 7 7 7 7 7 6 5 -9999 -9999 64 64 64 64 64 64 64 64 64 64 64 64 65 65 65 65 65 66 -9999 -9999 -9999 -9999 -9999 71 71 171 171 71 71 71 -9999 -9999 64 64 64 64 64 64 63 63 63 63 63 63 63
-9999 -9999 -9999 -9999 -9999 -9999 -9999 -9999 -9999 -9999 -9999 -9999 -9999 -9999 -9999 -9999 -9999 7 5 -9999 -9999 -9999 -9999 7 7 7 7 7 7 7 7 7 7 7 7 5 -9999 -9999 -9999 64 64 64 64 64 64 64 64 64 64 64 64 64 64 65 65 65 -9999 -9999 -9999 -9999 -9999 -9999 71 71 71 71 71 71 71 -9999 -9999 64 64 64 64 64 63 63 63 63 63 63 63 63
-9999 -9999 -9999 -9999 -9999 -9999 -9999 -9999 -9999 -9999 -9999 -9999 -9999 -9999 -9999 -9999 -9999 200 200 200 201 201 -9999 6 7 7 -9999 -9999 7 -9999 -9999 -9999 -9999 -9999 6 -9999 -9999 65 64 64 64 64 64 64 64 64 64 64 64 64 64 64 64 64 64 64 64 64 -9999 -9999 -9999 -9999 -9999 -9999 71 71 -9999 -9999 -9999 -9999 -9999 63 63 63 63 63 63 63 63 63 62 63 63 63
-9999 -9999 -9999 -9999 -9999 -9999 -9999 -9999 -9999 -9999 -9999 -9999 -9999 -9999 -9999 -9999 -9999 200 200 200 200 101 -9999 -9999 -9999 -9999 32 -9999 -9999 -9999 -9999 -9999 -9999 -9999 6 -9999 -9999 64 64 64 64 64 64 64 64 64 64 64 64 64 64 64 64 64 64 64 64 64 64 63 63 63 63 63 -9999 -9999 -9999 -9999 -9999 -9999 -9999 63 63 63 63 63 62 62 62 62 62 62 62 63
-9999 -9999 -9999 -9999 -9999 -9999 -9999 -9999 -9999 -9999 -9999 -9999 -9999 -9999 -9999 -9999 -9999 -9999 -9999 -9999 100 -9999 -9999 -9999 -9999 -9999 -9999 -9999 -9999 -9999 -9999 10 10 10 8 5 -9999 64 65 64 64 64 64 64 64 64 64 64 64 64 64 64 64 64 64 64 64 -9999 -9999 -9999 63 63 63 -9999 -9999 161 61 61 62 62 62 63 63 63 62 62 62 62 62 62 62 62 62 62
-9999 -9999 -9999 -9999 -9999 -9999 -9999 -9999 -9999 -9999 -9999 -9999 -9999 -9999 -9999 -9999 -9999 -9999 -9999 -9999 -9999 5 -9999 -9999 -9999 -9999 -9999 6 7 6 -9999 -9999 10 10 9 106 -9999 65 65 65 64 64 64 64 64 64 64 64 64 64 64 64 64 64 64 64 64 -9999 -9999 63 63 63 63 63 -9999 361 161 61 61 61 -9999 -9999 62 62 62 62 62 62 61 61 61 62 62 62
